#! FIELDS F399_dist file.free der_F399_dist
#! SET min_F399_dist 0.350275
#! SET max_F399_dist 9.42851
#! SET nbins_F399_dist  1285
#! SET periodic_F399_dist false
    0.350275000   -0.005976289   -1.087831979
    0.357345276   -0.021993922   -3.683122076
    0.364415553   -0.069859629  -10.642509263
    0.371485829   -0.195920774  -26.863051554
    0.378556106   -0.490039014  -59.792617460
    0.385626382   -1.102807929 -118.473933885
    0.392696659   -2.244331468 -209.849509876
    0.399766935   -4.146840290 -332.608938466
    0.406837212   -6.991078005 -472.536026502
    0.413907488  -10.805474971 -601.468324757
    0.420977765  -15.389959846 -684.744670986
    0.428048041  -20.318101562 -696.037412448
    0.435118318  -25.059507061 -634.264577981
    0.442188594  -29.187231641 -529.688093712
    0.449258871  -32.567458871 -431.295768620
    0.456329147  -35.402748474 -380.070015682
    0.463399424  -38.082998816 -386.070304490
    0.470469700  -40.951507424 -428.348526774
    0.477539977  -44.155776026 -476.644527233
    0.484610253  -47.667503118 -514.390430195
    0.491680530  -51.417741597 -545.586866320
    0.498750806  -55.398129302 -581.382081704
    0.505821083  -59.658053677 -624.424645761
    0.512891359  -64.209074844 -659.433497428
    0.519961636  -68.910464666 -663.953271972
    0.527031912  -73.479327956 -620.469286686
    0.534102188  -77.580504394 -534.182919070
    0.541172465  -80.990051410 -430.807358866
    0.548242741  -83.711309436 -343.816819616
    0.555313018  -85.936929893 -292.921636199
    0.562383294  -87.927351319 -274.322783000
    0.569453571  -89.849417497 -270.395734559
    0.576523847  -91.732226873 -260.939587707
    0.583594124  -93.489460390 -233.064408713
    0.590664400  -94.968826872 -182.230228760
    0.597734677  -96.007120930 -109.398364748
    0.604804953  -96.483922020  -25.991801263
    0.611875230  -96.388788833   48.816932516
    0.618945506  -95.851078342   96.152536960
    0.626015783  -95.090950799  112.968439682
    0.633086059  -94.288784899  111.615370571
    0.640156336  -93.501808193  111.269119424
    0.647226612  -92.681819255  121.283945992
    0.654296889  -91.771786259  133.913147026
    0.661367165  -90.794341032  139.125797591
    0.668437442  -89.810830328  137.112190485
    0.675507718  -88.830720157  140.861411805
    0.682577995  -87.759378044  163.638533596
    0.689648271  -86.470091133  200.968975327
    0.696718548  -84.923215138  230.694370259
    0.703788824  -83.255842360  234.897745050
    0.710859100  -81.664364723  209.983622101
    0.717929377  -80.303914845  173.593282257
    0.724999653  -79.182978841  143.871837098
    0.732069930  -78.223178807  127.047932418
    0.739140206  -77.378931734  108.577506015
    0.746210483  -76.733227518   67.337692374
    0.753280759  -76.498181686   -7.273826414
    0.760351036  -76.880910020 -103.764264163
    0.767421312  -77.933403246 -191.737968662
    0.774491589  -79.489840248 -242.302048001
    0.781561865  -81.249556433 -250.682908937
    0.788632142  -82.964429455 -233.276006552
    0.795702418  -84.539514156 -215.033263099
    0.802772695  -86.017404835 -205.762972686
    0.809842971  -87.456545676 -202.192932093
    0.816913248  -88.865601563 -197.149892671
    0.823983524  -90.228246007 -189.397263206
    0.831053801  -91.534672205 -180.338279444
    0.838124077  -92.755862837 -163.942819596
    0.845194354  -93.795958421 -126.348993565
    0.852264630  -94.485992168  -67.511814431
    0.859334907  -94.731783980   -5.655151501
    0.866405183  -94.621529193   29.226449520
    0.873475460  -94.403964125   24.623092759
    0.880545736  -94.320626401   -3.167190217
    0.887616012  -94.419359796  -22.901680762
    0.894686289  -94.566578397  -13.905092501
    0.901756565  -94.556443706   17.095217871
    0.908826842  -94.300847076   53.837498523
    0.915897118  -93.811505950   81.587179241
    0.922967395  -93.161240595   99.295601909
    0.930037671  -92.408433772  109.901176959
    0.937107948  -91.612898467  112.178102262
    0.944178224  -90.847198309  100.033450614
    0.951248501  -90.217102552   74.884883901
    0.958318777  -89.798083472   41.321623600
    0.965389054  -89.618683743   10.318250361
    0.972459330  -89.620906032  -10.212447452
    0.979529607  -89.708505504  -13.392753141
    0.986599883  -89.762014295   -1.086915704
    0.993670160  -89.704699779   15.199472986
    1.000740436  -89.559978052   22.147389203
    1.007810713  -89.426960536   10.455952351
    1.014880989  -89.436176758  -17.378108378
    1.021951266  -89.674077731  -50.014875211
    1.029021542  -90.114385997  -72.854136333
    1.036091819  -90.632989772  -70.362910417
    1.043162095  -91.034735496  -41.792153224
    1.050232371  -91.179627276    0.034077497
    1.057302648  -91.058594786   29.177633680
    1.064372924  -90.815623734   34.487599774
    1.071443201  -90.594038268   26.079538299
    1.078513477  -90.416680090   25.147576340
    1.085583754  -90.192346622   38.280673134
    1.092654030  -89.872039199   49.159845635
    1.099724307  -89.549556343   35.410611383
    1.106794583  -89.422663934   -4.024025515
    1.113864860  -89.604044255  -46.552120331
    1.120935136  -90.005030993  -62.371632989
    1.128005413  -90.374276501  -36.725901871
    1.135075689  -90.442749820   18.136396398
    1.142145966  -90.105393926   72.939062547
    1.149216242  -89.474579447   97.610619181
    1.156286519  -88.820928776   79.223984420
    1.163356795  -88.412865742   32.288192493
    1.170427072  -88.341595291  -10.901778937
    1.177497348  -88.479442465  -22.416040621
    1.184567625  -88.566076168    0.996484170
    1.191637901  -88.407626490   43.553321750
    1.198708178  -87.951082181   82.578201500
    1.205778454  -87.265509541  106.571998236
    1.212848731  -86.463524142  117.327957183
    1.219919007  -85.625072331  116.370003036
    1.226989283  -84.835097813  103.441208059
    1.234059560  -84.175756944   80.209071562
    1.241129836  -83.688743320   57.634309018
    1.248200113  -83.310780577   52.264037398
    1.255270389  -82.878839435   72.884008622
    1.262340666  -82.223514134  112.247770547
    1.269410942  -81.282905084  150.297395105
    1.276481219  -80.140693915  166.377705218
    1.283551495  -78.980301111  156.738675815
    1.290621772  -77.953029231  131.622717139
    1.297692048  -77.110465144  105.240812248
    1.304762325  -76.441399784   81.982932485
    1.311832601  -75.952264331   54.186329001
    1.318902878  -75.695444010   15.817621957
    1.325973154  -75.711809816  -20.361678745
    1.333043431  -75.907021086  -29.650841641
    1.340113707  -76.028335261   -0.262179927
    1.347183984  -75.837320665   54.881243565
    1.354254260  -75.264087026  100.921763515
    1.361324537  -74.483516449  112.024230982
    1.368394813  -73.753567491   90.186477145
    1.375465090  -73.210735213   64.156621064
    1.382535366  -72.779518735   61.660136176
    1.389605643  -72.270518974   83.415795950
    1.396675919  -71.589307796  105.782204769
    1.403746195  -70.825793904  104.267768709
    1.410816472  -70.166920155   78.886591679
    1.417886748  -69.711111126   50.280068709
    1.424957025  -69.398116260   40.593795590
    1.432027301  -69.086892515   48.192755494
    1.439097578  -68.713662913   52.977691489
    1.446167854  -68.381996094   35.196371163
    1.453238131  -68.272585089   -8.520467783
    1.460308407  -68.516606924  -60.106305414
    1.467378684  -69.069522853  -92.510994462
    1.474448960  -69.719587062  -86.037522867
    1.481519237  -70.180563954  -40.169684218
    1.488589513  -70.239489683   23.058220989
    1.495659790  -69.882552520   72.107382951
    1.502730066  -69.307350167   81.675192420
    1.509800343  -68.814981789   50.783798024
    1.516870619  -68.615680933    5.068491523
    1.523940896  -68.681329950  -18.406489034
    1.531011172  -68.756101431    4.080922138
    1.538081449  -68.519626255   66.556293737
    1.545151725  -67.797539442  133.658147005
    1.552222002  -66.693046525  169.935197365
    1.559292278  -65.496887983  160.440164767
    1.566362555  -64.490136226  120.519535982
    1.573432831  -63.781054017   80.954986411
    1.580503107  -63.280750860   63.278171710
    1.587573384  -62.828882199   66.531703393
    1.594643660  -62.315126384   77.728035108
    1.601713937  -61.715182745   91.113083062
    1.608784213  -61.015939877  105.396044067
    1.615854490  -60.213465060  120.043042220
    1.622924766  -59.330899070  126.279429500
    1.629995043  -58.447133491  120.837376255
    1.637065319  -57.613237264  115.615400323
    1.644135596  -56.749260951  133.732344842
    1.651205872  -55.639810433  183.552498365
    1.658276149  -54.110418749  247.590372228
    1.665346425  -52.182698229  289.765931688
    1.672416702  -50.110360930  287.809173596
    1.679486978  -48.200126681  246.949604164
    1.686557255  -46.634034194  195.851410484
    1.693627531  -45.384304030  159.861440928
    1.700697808  -44.298375168  150.653351349
    1.707768084  -43.196011161  162.162219552
    1.714838361  -41.969002545  184.953640538
    1.721908637  -40.580530476  205.671393079
    1.728978914  -39.082639163  214.962290079
    1.736049190  -37.576968688  205.319396371
    1.743119467  -36.202696876  180.822232741
    1.750189743  -35.029926889  151.243831186
    1.757260019  -34.025528212  135.483438946
    1.764330296  -33.033297357  150.190005240
    1.771400572  -31.820484987  196.355830779
    1.778470849  -30.214471647  256.842370307
    1.785541125  -28.215960627  302.945765534
    1.792611402  -26.017240069  310.861110143
    1.799681678  -23.917472187  276.032915168
    1.806751955  -22.168340585  216.355998635
    1.813822231  -20.852291844  157.321970931
    1.820892508  -19.900310921  114.103322173
    1.827962784  -19.208505018   80.612050361
    1.835033061  -18.774990615   39.149915505
    1.842103337  -18.695552694  -19.648558422
    1.849173614  -19.047689438  -77.381636856
    1.856243890  -19.702106148  -99.830336932
    1.863314167  -20.315091686  -64.301948306
    1.870384443  -20.501523551   15.173856333
    1.877454720  -20.094472095   96.150048251
    1.884524996  -19.240146934  136.129618328
    1.891595273  -18.298333449  121.873694882
    1.898665549  -17.601231852   71.848939746
    1.905735826  -17.288419264   18.347477206
    1.912806102  -17.285951790  -13.254326167
    1.919876379  -17.402192418  -15.421493658
    1.926946655  -17.461953087   -0.258642124
    1.934016931  -17.414960103   11.613876435
    1.941087208  -17.343810458    4.736962524
    1.948157484  -17.387842345  -20.581219641
    1.955227761  -17.630752088  -47.310390015
    1.962298037  -18.023370538  -61.281722975
    1.969368314  -18.461984979  -61.567441634
    1.976438590  -18.894061728  -62.564776629
    1.983508867  -19.376941899  -76.455824652
    1.990579143  -19.991834287  -96.428141144
    1.997649420  -20.690921997  -95.575189498
    2.004719696  -21.231050483  -49.094072288
    2.011789973  -21.279906511   39.129017292
    2.018860249  -20.661053112  131.953514412
    2.025930526  -19.526697122  177.296264158
    2.033000802  -18.343809021  143.546829871
    2.040071079  -17.657083482   42.279028902
    2.047141355  -17.787708520  -77.288179929
    2.054211632  -18.657935934 -159.945682010
    2.061281908  -19.881718060 -174.522915393
    2.068352185  -20.986550948 -130.768220143
    2.075422461  -21.673523916  -63.535858139
    2.082492738  -21.900916190   -4.007250300
    2.089563014  -21.784433668   32.545132674
    2.096633290  -21.492212866   45.791647888
    2.103703567  -21.188230965   36.115705721
    2.110773843  -21.036556091    2.897741212
    2.117844120  -21.178587159  -43.360490392
    2.124914396  -21.624571417  -78.902668244
    2.131984673  -22.210748588  -80.498843031
    2.139054949  -22.682300400  -49.469984826
    2.146125226  -22.898071599  -14.691401815
    2.153195502  -22.958689146   -9.739233464
    2.160265779  -23.131531002  -44.923429425
    2.167336055  -23.638076591  -98.468753796
    2.174406332  -24.482387274 -135.929726615
    2.181476608  -25.463081475 -135.459588364
    2.188546885  -26.314905040 -101.821198612
    2.195617161  -26.875278325  -56.895541896
    2.202687438  -27.141831605  -20.893237747
    2.209757714  -27.210200238   -1.530784544
    2.216827991  -27.182442054    8.300139473
    2.223898267  -27.085590040   18.859917226
    2.230968544  -26.898942803   33.768766282
    2.238038820  -26.625772373   40.379585812
    2.245109097  -26.392218629   20.233237293
    2.252179373  -26.418964274  -32.473582941
    2.259249650  -26.876264545  -96.679529219
    2.266319926  -27.711261021 -131.338820543
    2.273390202  -28.583984904 -104.239633952
    2.280460479  -29.040026966  -17.956037575
    2.287530755  -28.793525352   84.881828181
    2.294601032  -27.935186866  146.790689533
    2.301671308  -26.902916059  131.553506599
    2.308741585  -26.238012291   47.745525623
    2.315811861  -26.279403556  -58.860902613
    2.322882138  -26.992987126 -135.778756167
    2.329952414  -28.051066322 -153.588028391
    2.337022691  -29.048799248 -123.604801109
    2.344092967  -29.765818296  -80.332566265
    2.351163244  -30.225341133  -53.796203159
    2.358233520  -30.579432492  -49.260869134
    2.365303797  -30.919308341  -46.239918285
    2.372374073  -31.179172865  -23.477611395
    2.379444350  -31.203792949   17.784861891
    2.386514626  -30.938615365   53.888253967
    2.393584903  -30.515102356   59.163409595
    2.400655179  -30.187898212   28.770728337
    2.407725456  -30.136605808  -14.484623043
    2.414795732  -30.333884308  -36.039064013
    2.421866009  -30.554258235  -20.659175366
    2.428936285  -30.572280028   15.830872133
    2.436006562  -30.354123683   41.170115116
    2.443076838  -30.068695221   33.809028898
    2.450147114  -29.931127142    2.498263024
    2.457217391  -30.015111624  -24.503088335
    2.464287667  -30.219290669  -30.030219475
    2.471357944  -30.409376591  -24.727259479
    2.478428220  -30.593385232  -31.411052214
    2.485498497  -30.908484887  -61.261770115
    2.492568773  -31.470700791  -96.603934123
    2.499639050  -32.211954775 -107.085366716
    2.506709326  -32.873232212  -73.684513170
    2.513779603  -33.157642029   -3.264105061
    2.520849879  -32.896090036   75.177239521
    2.527920156  -32.153428312  128.295464026
    2.534990432  -31.197183430  132.860644221
    2.542060709  -30.388070930   89.185464750
    2.549130985  -29.993808708   20.071041342
    2.556201262  -30.061071607  -33.933101845
    2.563271538  -30.363916910  -43.726566443
    2.570341815  -30.564246070   -7.104293788
    2.577412091  -30.421568028   47.189489802
    2.584482368  -29.941853770   81.973551299
    2.591552644  -29.348720951   78.101310034
    2.598622921  -28.909351188   41.980973377
    2.605693197  -28.778656767   -5.579608314
    2.612763474  -28.966795928  -46.685351619
    2.619833750  -29.403885365  -75.661183202
    2.626904026  -30.014295566  -96.657822648
    2.633974303  -30.755495816 -112.194854748
    2.641044579  -31.581569105 -119.821944755
    2.648114856  -32.416050067 -114.918700798
    2.655185132  -33.165066764  -95.733155867
    2.662255409  -33.745495069  -68.461284341
    2.669325685  -34.128885187  -40.682217499
    2.676395962  -34.328881662  -16.716031051
    2.683466238  -34.371816545    3.380919515
    2.690536515  -34.285574678   19.856849470
    2.697606791  -34.103647018   30.296311519
    2.704677068  -33.874645521   33.104753832
    2.711747344  -33.646100491   30.628010151
    2.718817621  -33.440016803   27.384955479
    2.725887897  -33.254544874   23.510875030
    2.732958174  -33.110234173   15.643799218
    2.740028450  -33.053582251   -2.942389822
    2.747098727  -33.166905692  -30.732477993
    2.754169003  -33.486630057  -59.013446348
    2.761239280  -33.959333768  -71.144160979
    2.768309556  -34.416761242  -53.255808901
    2.775379833  -34.628904874   -2.756559430
    2.782450109  -34.409832714   65.045452620
    2.789520386  -33.728317732  123.121661380
    2.796590662  -32.744274916  147.637566587
    2.803660938  -31.729819358  133.304051315
    2.810731215  -30.913007085   95.370137699
    2.817801491  -30.372837231   58.240064746
    2.824871768  -30.041261591   38.710662261
    2.831942044  -29.785083581   35.560945465
    2.839012321  -29.523186068   37.804352938
    2.846082597  -29.258181991   35.217828389
    2.853152874  -29.040054809   24.629422734
    2.860223150  -28.915773082    9.697174889
    2.867293427  -28.899727284   -5.329857290
    2.874363703  -28.979689838  -17.523219430
    2.881433980  -29.130912455  -24.343391484
    2.888504256  -29.298195540  -20.856197966
    2.895574533  -29.384928884   -1.361414659
    2.902644809  -29.270235187   35.170353553
    2.909715086  -28.872348391   75.930930556
    2.916785362  -28.235935167   98.760270661
    2.923855639  -27.552404780   88.147228448
    2.930925915  -27.057302658   47.753030292
    2.937996192  -26.892217397   -0.767331857
    2.945066468  -27.033424738  -36.337602938
    2.952136745  -27.356114802  -52.045815865
    2.959207021  -27.736746203  -55.219111463
    2.966277298  -28.113416228  -51.065049232
    2.973347574  -28.428958126  -36.226112521
    2.980417850  -28.583270820   -4.684934478
    2.987488127  -28.459557833   40.057339345
    2.994558403  -28.027923903   77.809863986
    3.001628680  -27.430147512   84.041297464
    3.008698956  -26.939438103   48.285331473
    3.015769233  -26.807546083  -12.589044170
    3.022839509  -27.085959325  -61.685147525
    3.029909786  -27.568125237  -66.757297642
    3.036980062  -27.908839725  -22.811362422
    3.044050339  -27.832854154   44.653010327
    3.051120615  -27.306196457   98.920124463
    3.058190892  -26.531059966  111.378643810
    3.065261168  -25.837438548   77.643843108
    3.072331445  -25.500789662   13.771731934
    3.079401721  -25.640784727  -52.250039297
    3.086471998  -26.179779539  -95.162843668
    3.093542274  -26.898550649 -102.509881690
    3.100612551  -27.549934929  -77.223634462
    3.107682827  -27.947838896  -34.077959676
    3.114753104  -28.023393256   11.197906927
    3.121823380  -27.804923868   47.997053337
    3.128893657  -27.377543065   68.675558122
    3.135963933  -26.880729385   67.960378831
    3.143034210  -26.478024760   41.485872971
    3.150104486  -26.334670935   -2.883281152
    3.157174762  -26.510384471  -44.297131865
    3.164245039  -26.889834877  -56.823613012
    3.171315315  -27.212699845  -28.900790680
    3.178385592  -27.232748870   24.385806329
    3.185455868  -26.882668007   70.127570835
    3.192526145  -26.311218903   85.541747431
    3.199596421  -25.738590963   73.092277668
    3.206666698  -25.284374240   56.251860600
    3.213736974  -24.906306345   52.606715775
    3.220807251  -24.517543860   56.519540872
    3.227877527  -24.142354264   43.972092978
    3.234947804  -23.969938136   -0.953827766
    3.242018080  -24.216533988  -70.946828090
    3.249088357  -24.952592608 -133.936215826
    3.256158633  -26.002497305 -155.081219018
    3.263228910  -27.007041933 -120.639771774
    3.270299186  -27.607304049  -44.907254516
    3.277369463  -27.619964599   39.934841930
    3.284439739  -27.087691472  105.755248505
    3.291510016  -26.197834039  140.717576455
    3.298580292  -25.160616673  148.106977574
    3.305650569  -24.149560216  134.090647385
    3.312720845  -23.317561857   96.947115473
    3.319791121  -22.842467144   32.710897818
    3.326861398  -22.902246654  -51.608032272
    3.333931674  -23.561313531 -131.252354747
    3.341001951  -24.663709508 -172.152091278
    3.348072227  -25.846227208 -152.903229396
    3.355142504  -26.686693024  -78.065064039
    3.362212780  -26.894211999   18.937147439
    3.369283057  -26.460863183   97.145228864
    3.376353333  -25.637917961  125.872680964
    3.383423610  -24.811034797   98.879290541
    3.390493886  -24.327334614   33.311891411
    3.397564163  -24.351096447  -38.629059741
    3.404634439  -24.809439039  -84.859838724
    3.411704716  -25.440708212  -85.820249116
    3.418774992  -25.926869245  -46.959322399
    3.425845269  -26.069565035    5.379207065
    3.432915545  -25.893149507   38.480393306
    3.439985822  -25.616548665   31.636500678
    3.447056098  -25.524181719  -10.404203560
    3.454126375  -25.785315475  -62.963978782
    3.461196651  -26.359297277  -93.356712554
    3.468266928  -26.999950564  -80.441914013
    3.475337204  -27.395677376  -26.961546102
    3.482407481  -27.344900181   40.711094294
    3.489477757  -26.873155972   86.908116506
    3.496548033  -26.210132285   92.799616863
    3.503618310  -25.628897030   68.181968637
    3.510688586  -25.254882048   38.343574805
    3.517758863  -25.049053460   22.881126447
    3.524829139  -24.903027541   18.859515010
    3.531899416  -24.796998265    8.080563746
    3.538969692  -24.834826006  -22.793758890
    3.546039969  -25.154706342  -68.960567224
    3.553110245  -25.800068655 -111.925636874
    3.560180522  -26.688610343 -136.394018250
    3.567250798  -27.668807691 -137.763619271
    3.574321075  -28.582220176 -116.936063379
    3.581391351  -29.260401323  -70.077378965
    3.588461628  -29.497843659    7.440306324
    3.595531904  -29.103389203  104.514628150
    3.602602181  -28.044962282  188.960584732
    3.609672457  -26.550731168  222.798826424
    3.616742734  -25.046227454  192.449156746
    3.623813010  -23.931853786  118.327429439
    3.630883287  -23.382230417   39.570735049
    3.637953563  -23.311695605  -14.584912595
    3.645023840  -23.511164981  -37.993232725
    3.652094116  -23.799309283  -42.364750530
    3.659164393  -24.086351281  -37.466379075
    3.666234669  -24.305498761  -22.888058684
    3.673304945  -24.370208810    7.112416781
    3.680375222  -24.176746033   46.675296294
    3.687445498  -23.725329949   76.981854898
    3.694515775  -23.161105219   76.373873436
    3.701586051  -22.724729422   42.833418958
    3.708656328  -22.585433459   -3.809511329
    3.715726604  -22.739460164  -35.734530212
    3.722796881  -23.027511644  -42.662316745
    3.729867157  -23.293478532  -31.193532328
    3.736937434  -23.468331150  -20.198531068
    3.744007710  -23.609372767  -22.967328182
    3.751077987  -23.833417033  -43.770611954
    3.758148263  -24.261603304  -79.871640253
    3.765218540  -24.971532335 -121.254433510
    3.772288816  -25.950345458 -153.733712237
    3.779359093  -27.084162577 -162.185419146
    3.786429369  -28.173825660 -141.281510272
    3.793499646  -29.028308523  -98.238493312
    3.800569922  -29.543287367  -48.398384010
    3.807640199  -29.723571017   -4.759499846
    3.814710475  -29.630598028   29.952034019
    3.821780752  -29.307999440   60.199763404
    3.828851028  -28.783937495   86.590926996
    3.835921305  -28.127226335   93.917171389
    3.842991581  -27.549006375   60.722631398
    3.850061857  -27.376931155  -19.049529579
    3.857132134  -27.870819001 -121.239146803
    3.864202410  -29.028984456 -198.555011806
    3.871272687  -30.529506395 -215.142381187
    3.878342963  -31.925045529 -172.009308706
    3.885413240  -32.905738820 -106.418143058
    3.892483516  -33.462913950  -56.255439141
    3.899553793  -33.770841543  -35.172019626
    3.906624069  -33.997498153  -31.047129274
    3.913694346  -34.211437434  -30.187640330
    3.920764622  -34.432233262  -34.154560893
    3.927834899  -34.716571449  -48.321960140
    3.934905175  -35.124936070  -66.422285058
    3.941975452  -35.620389278  -70.272096969
    3.949045728  -36.056250718  -49.572723273
    3.956116005  -36.291265584  -18.370886330
    3.963186281  -36.342474835   -1.449976482
    3.970256558  -36.373016421  -11.497291877
    3.977326834  -36.537592653  -35.243976389
    3.984397111  -36.837247847  -45.230109839
    3.991467387  -37.100006374  -24.970819266
    3.998537664  -37.128861767   17.820052633
    4.005607940  -36.853279945   55.776286103
    4.012678217  -36.411369338   62.299311056
    4.019748493  -36.070909051   27.294198454
    4.026818769  -36.090421097  -35.632937985
    4.033889046  -36.569304291  -98.366737884
    4.040959322  -37.404719154 -131.766579538
    4.048029599  -38.324060870 -120.619775659
    4.055099875  -39.011752192  -68.517571150
    4.062170152  -39.243431870    2.587683705
    4.069240428  -38.995829128   62.682157074
    4.076310705  -38.447626657   83.891318234
    4.083380981  -37.916469420   57.884086084
    4.090451258  -37.697624161    0.920170850
    4.097521534  -37.908990783  -58.777144371
    4.104591811  -38.468260925  -94.614140001
    4.111662087  -39.172343365 -100.570164185
    4.118732364  -39.846639006  -89.262275432
    4.125802640  -40.433471579  -78.308397175
    4.132872917  -40.968395218  -75.054445180
    4.139943193  -41.488071385  -71.254764247
    4.147013470  -41.942715511  -55.091132911
    4.154083746  -42.216585517  -20.578850020
    4.161154023  -42.208526893   22.127618305
    4.168224299  -41.929715726   52.304274964
    4.175294576  -41.540915505   52.033572409
    4.182364852  -41.271211780   19.194640437
    4.189435129  -41.298086829  -28.183486809
    4.196505405  -41.631994297  -63.114539863
    4.203575681  -42.117555210  -69.657211524
    4.210645958  -42.558819371  -53.535308965
    4.217716234  -42.872182608  -38.306377311
    4.224786511  -43.149189645  -45.046455580
    4.231856787  -43.552313171  -71.095653320
    4.238927064  -44.131698720  -89.283374172
    4.245997340  -44.721848439  -71.756138300
    4.253067617  -45.049148480  -16.846362073
    4.260137893  -44.942097746   44.198238692
    4.267208170  -44.495058833   75.374321715
    4.274278446  -43.975307061   64.866603140
    4.281348723  -43.623872975   32.329139051
    4.288418999  -43.491347987    8.170260920
    4.295489276  -43.443961374    8.623972227
    4.302559552  -43.317831882   27.667231478
    4.309629829  -43.056036423   43.287830641
    4.316700105  -42.762573299   34.530040598
    4.323770382  -42.630971272   -1.440281556
    4.330840658  -42.793648540  -44.164014840
    4.337910935  -43.192423764  -64.113524412
    4.344981211  -43.600445974  -45.981222693
    4.352051488  -43.787633471   -6.193276813
    4.359121764  -43.711087689   22.902526749
    4.366192040  -43.533541166   20.799242709
    4.373262317  -43.460498813   -2.604705309
    4.380332593  -43.551346941  -19.995908064
    4.387402870  -43.684722083  -14.345516110
    4.394473146  -43.702455143   10.003971732
    4.401543423  -43.545853952   31.271793254
    4.408613699  -43.301134991   33.362124660
    4.415683976  -43.111738381   17.944434146
    4.422754252  -43.057834006   -1.970668042
    4.429824529  -43.113918823  -12.856666723
    4.436894805  -43.196457316   -9.698875846
    4.443965082  -43.226472199    1.581554782
    4.451035358  -43.179571430    9.823701899
    4.458105635  -43.108141933    7.582650091
    4.465175911  -43.098131247   -8.561818705
    4.472246188  -43.248091988  -35.728444274
    4.479316464  -43.605588950  -65.560090387
    4.486386741  -44.140410978  -83.083110938
    4.493457017  -44.721415815  -77.396903087
    4.500527294  -45.171033477  -47.264486052
    4.507597570  -45.346518700   -1.263705563
    4.514667847  -45.181823926   46.166972490
    4.521738123  -44.709643944   83.896150193
    4.528808400  -44.040016554  100.591100213
    4.535878676  -43.356155177   86.676405625
    4.542948952  -42.885762184   41.405217101
    4.550019229  -42.804300660  -19.659923584
    4.557089505  -43.131615025  -69.338536043
    4.564159782  -43.708221655  -88.762029558
    4.571230058  -44.309017803  -78.048146577
    4.578300335  -44.770125053  -51.669040833
    4.585370611  -45.035390299  -25.692608527
    4.592440888  -45.145080937   -8.016562922
    4.599511164  -45.176372564   -3.573622157
    4.606581441  -45.226613747  -13.372531537
    4.613651717  -45.380517720  -31.272577366
    4.620721994  -45.646259423  -42.079497098
    4.627792270  -45.920387362  -31.307212647
    4.634862547  -46.037144782    0.831597213
    4.641932823  -45.890024767   37.699594120
    4.649003100  -45.532128106   58.423504167
    4.656073376  -45.127556716   51.149357892
    4.663143653  -44.846161091   26.892003824
    4.670213929  -44.731509782    7.198380416
    4.677284206  -44.695174032    4.851293933
    4.684354482  -44.635424427   11.356634133
    4.691424759  -44.557065209    7.260968446
    4.698495035  -44.568223533  -12.842229573
    4.705565312  -44.731503323  -31.169981381
    4.712635588  -44.935248680  -21.165318560
    4.719705864  -44.948174002   19.919938233
    4.726776141  -44.644626279   61.574943287
    4.733846417  -44.174564985   61.191420587
    4.740916694  -43.910077650    4.306152767
    4.747986970  -44.175014641  -80.091620001
    4.755057247  -44.979383944 -139.375656497
    4.762127523  -45.988068006 -134.885996024
    4.769197800  -46.732983834  -68.656050307
    4.776268076  -46.913226513   15.212236088
    4.783338353  -46.606524509   60.592980534
    4.790408629  -46.227548157   34.337302394
    4.797478906  -46.254988927  -49.897205835
    4.804549182  -46.918198205 -132.931152813
    4.811619459  -47.979436589 -153.964553256
    4.818689735  -48.890064037  -91.947869978
    4.825760012  -49.156333009   19.260680814
    4.832830288  -48.653665513  113.956970131
    4.839900565  -47.693104765  144.938782820
    4.846970841  -46.756295843  110.626815805
    4.854041118  -46.183399282   50.016168527
    4.861111394  -45.997219718    7.524531117
    4.868181671  -45.988674160   -1.269559486
    4.875251947  -45.965123310    7.920687314
    4.882322224  -45.907331368    3.953425512
    4.889392500  -45.971335656  -26.224209406
    4.896462776  -46.291423189  -64.416378111
    4.903533053  -46.801120011  -73.486530500
    4.910603329  -47.202315048  -32.687082608
    4.917673606  -47.174380825   42.799579612
    4.924743882  -46.616298227  108.502409527
    4.931814159  -45.756377790  124.158498680
    4.938884435  -44.998984493   81.611038312
    4.945954712  -44.666070976   10.531431730
    4.953024988  -44.810853455  -47.301297747
    4.960095265  -45.244146252  -69.692224280
    4.967165541  -45.720438806  -62.754129826
    4.974235818  -46.102057035  -45.042495236
    4.981306094  -46.355037626  -26.504527349
    4.988376371  -46.456007770   -0.835801165
    4.995446647  -46.325285950   39.045935135
    5.002516924  -45.880909465   84.730373722
    5.009587200  -45.153698457  116.308618651
    5.016657477  -44.304695580  118.220312714
    5.023727753  -43.538954392   95.388718081
    5.030798030  -42.965077745   66.696166714
    5.037868306  -42.562831721   48.132821865
    5.044938583  -42.251373196   40.434986706
    5.052008859  -41.994789557   29.523085863
    5.059079136  -41.863903829    3.551389499
    5.066149412  -41.974805058  -36.442991640
    5.073219688  -42.376365249  -76.477275482
    5.080289965  -43.002246118  -96.970539483
    5.087360241  -43.675111408  -89.382465236
    5.094430518  -44.209472637  -60.007218442
    5.101500794  -44.508664234  -25.898974016
    5.108571071  -44.595715234   -2.188318191
    5.115641347  -44.582617808    2.025315768
    5.122711624  -44.613796422  -15.511454022
    5.129781900  -44.834923804  -49.619355649
    5.136852177  -45.326217469  -89.403789622
    5.143922453  -46.065275874 -116.818850207
    5.150992730  -46.907811515 -117.439568986
    5.158063006  -47.658680225  -92.104183213
    5.165133283  -48.184679650  -57.251776417
    5.172203559  -48.487063896  -31.269147267
    5.179273836  -48.657350648  -19.728279271
    5.186344112  -48.771681934  -12.930158012
    5.193414389  -48.822227904   -0.443093783
    5.200484665  -48.761849992   16.863051518
    5.207554942  -48.592672856   28.526282782
    5.214625218  -48.394899460   23.573105589
    5.221695495  -48.293654029    2.261928479
    5.228765771  -48.372347427  -24.770810019
    5.235836048  -48.611093818  -40.274589546
    5.242906324  -48.878822368  -32.062374114
    5.249976600  -49.005402084   -2.654302888
    5.257046877  -48.905406551   28.765448562
    5.264117153  -48.653888157   35.594654311
    5.271187430  -48.472597944   10.492938690
    5.278257706  -48.538555247  -30.686670944
    5.285327983  -48.860437235  -55.698033975
    5.292398259  -49.236995612  -45.713097507
    5.299468536  -49.433702134   -7.949569706
    5.306538812  -49.343698411   30.002306104
    5.313609089  -49.055988128   46.722345366
    5.320679365  -48.736621086   40.142918451
    5.327749642  -48.501900745   25.192934284
    5.334819918  -48.363424444   14.349108222
    5.341890195  -48.288416478    5.558523540
    5.348960471  -48.296913198  -10.326744198
    5.356030748  -48.455866335  -36.671359214
    5.363101024  -48.807735732  -61.869120833
    5.370171301  -49.281223804  -68.587867213
    5.377241577  -49.705203079  -48.808573984
    5.384311854  -49.918860600  -11.241337774
    5.391382130  -49.877482468   18.837484913
    5.398452407  -49.716828879   20.492181196
    5.405522683  -49.661120354   -9.177947406
    5.412592960  -49.867199191  -49.360111276
    5.419663236  -50.303911871  -69.716935847
    5.426733512  -50.763375786  -54.866167281
    5.433803789  -51.013677537  -14.112749207
    5.440874065  -50.960115937   27.003920399
    5.447944342  -50.680697516   46.698606529
    5.455014618  -50.346721253   43.553287328
    5.462084895  -50.089775468   27.326650566
    5.469155171  -49.962801098    7.391402698
    5.476225448  -49.977206030  -12.953800264
    5.483295724  -50.143145466  -34.140278492
    5.490366001  -50.437080305  -46.558352063
    5.497436277  -50.732548692  -31.467286095
    5.504506554  -50.783607829   21.865386685
    5.511576830  -50.361462333   96.987073065
    5.518647107  -49.455871634  150.450135038
    5.525717383  -48.380086021  141.344085927
    5.532787660  -47.610102911   66.590997969
    5.539857936  -47.487099754  -32.479763347
    5.546928213  -47.985922250 -100.297104124
    5.553998489  -48.754105063 -108.001320607
    5.561068766  -49.396047013  -69.443028708
    5.568139042  -49.717180223  -24.228543437
    5.575209319  -49.793948716   -2.816825098
    5.582279595  -49.817422390   -7.399943521
    5.589349871  -49.903015571  -17.250345383
    5.596420148  -50.015940231  -11.965359400
    5.603490424  -50.031074168    9.162125238
    5.610560701  -49.880083194   30.953329050
    5.617630977  -49.617218198   40.748661472
    5.624701254  -49.331543630   38.773488807
    5.631771530  -49.060002591   37.715802324
    5.638841807  -48.769506053   44.826845388
    5.645912083  -48.435039771   45.948999295
    5.652982360  -48.171962162   23.084071718
    5.660052636  -48.163380229  -23.042710139
    5.667122913  -48.480721759  -63.285224115
    5.674193189  -48.952154598  -62.399049233
    5.681263466  -49.245851297  -14.826671100
    5.688333742  -49.120284748   47.429207082
    5.695404019  -48.631890312   82.735935344
    5.702474295  -48.058608564   71.318704191
    5.709544572  -47.687258137   31.605592655
    5.716614848  -47.592193058   -0.882814441
    5.723685125  -47.623812338   -5.217554418
    5.730755401  -47.598066206   13.552663403
    5.737825678  -47.433226980   30.637031160
    5.744895954  -47.204256918   30.776531848
    5.751966231  -47.021370023   19.395659621
    5.759036507  -46.904781492   14.556913680
    5.766106783  -46.758965710   29.160819898
    5.773177060  -46.442512466   61.127711608
    5.780247336  -45.874715817   98.079155216
    5.787317613  -45.082968224  122.258825074
    5.794387889  -44.207672837  119.307920021
    5.801458166  -43.461691669   86.096349379
    5.808528442  -43.024803813   35.618630915
    5.815598719  -42.932889940   -6.846648903
    5.822668995  -43.047481932  -20.581385379
    5.829739272  -43.153364380   -6.430140109
    5.836809548  -43.120103407   14.078983219
    5.843879825  -42.997152584   15.027797719
    5.850950101  -42.962468499   -9.169867303
    5.858020378  -43.143925624  -41.819506847
    5.865090654  -43.505383423  -56.684689797
    5.872160931  -43.856887306  -37.475398688
    5.879231207  -43.957916549   10.960847812
    5.886301484  -43.676166448   67.434308548
    5.893371760  -43.048404499  104.699500630
    5.900442037  -42.274682437  107.549158245
    5.907512313  -41.597227942   79.169545971
    5.914582590  -41.172021719   39.797235965
    5.921652866  -40.996667943   13.101718396
    5.928723143  -40.929342592    9.325699435
    5.935793419  -40.821407292   21.387052584
    5.942863695  -40.622202395   32.716246895
    5.949933972  -40.393463676   27.852948520
    5.957004248  -40.264681991    5.826449856
    5.964074525  -40.317483239  -20.613099445
    5.971144801  -40.515000205  -33.420010021
    5.978215078  -40.714760594  -19.202569666
    5.985285354  -40.724239999   19.999348085
    5.992355631  -40.406206551   68.921653794
    5.999425907  -39.770713771  106.779959648
    6.006496184  -38.969718900  112.573348055
    6.013566460  -38.267820879   78.353570852
    6.020636737  -37.924768420   14.834414509
    6.027707013  -38.069260737  -54.393958401
    6.034777290  -38.638631584 -102.598772601
    6.041847566  -39.417325687 -110.457826275
    6.048917843  -40.093153085  -74.790237331
    6.055988119  -40.379037402   -1.992297460
    6.063058396  -40.070353534   89.939321404
    6.070128672  -39.125434963  172.766119223
    6.077198949  -37.723924596  213.795819611
    6.084269225  -36.252770815  189.909173162
    6.091339502  -35.175146675  106.611088449
    6.098409778  -34.807928503   -3.593046363
    6.105480055  -35.181525323  -97.440682866
    6.112550331  -36.070061316 -145.996435437
    6.119620607  -37.134839369 -149.330435232
    6.126690884  -38.100531367 -120.898626786
    6.133761160  -38.797918072  -75.040137214
    6.140831437  -39.146140423  -24.214942591
    6.147901713  -39.159243443   16.657436702
    6.154971990  -38.965094330   32.812780206
    6.162042266  -38.753858069   22.559998229
    6.169112543  -38.661870704    3.704709843
    6.176182819  -38.664803062   -1.100914705
    6.183253096  -38.632782811   12.045086733
    6.190323372  -38.493762556   23.609003615
    6.197393649  -38.344566283   13.387277524
    6.204463925  -38.355031521  -18.980756243
    6.211534202  -38.600340714  -47.467558351
    6.218604478  -38.949338582  -45.523427403
    6.225674755  -39.157414409   -9.853478432
    6.232745031  -39.058264337   35.459727510
    6.239815308  -38.704603203   58.503708856
    6.246885584  -38.321637122   42.907996670
    6.253955861  -38.157444758    1.343899312
    6.261026137  -38.291504516  -36.983177125
    6.268096414  -38.597137149  -43.835433802
    6.275166690  -38.815883301  -12.724137577
    6.282236967  -38.726573538   38.093421198
    6.289307243  -38.290062771   81.713195670
    6.296377519  -37.636096814   97.517115978
    6.303447796  -36.981463389   82.003984178
    6.310518072  -36.522976960   44.269023313
    6.317588349  -36.377650162   -4.928258757
    6.324658625  -36.587500610  -53.532878192
    6.331728902  -37.098767982  -87.831489867
    6.338799178  -37.754546552  -91.936451129
    6.345869455  -38.315073536  -61.515627402
    6.352939731  -38.564497055   -7.854853742
    6.360010008  -38.421187094   45.624880451
    6.367080284  -37.968062510   75.878727545
    6.374150561  -37.416676020   74.243946493
    6.381220837  -36.985057959   43.811689601
    6.388291114  -36.830553423   -2.323192419
    6.395361390  -37.006556284  -45.740898874
    6.402431667  -37.428745038  -69.787191836
    6.409501943  -37.919844469  -64.738103795
    6.416572220  -38.287269211  -37.238709300
    6.423642496  -38.436213161   -7.309970554
    6.430712773  -38.421411594    7.948404701
    6.437783049  -38.355614790    8.244506696
    6.444853326  -38.293809598   10.463741548
    6.451923602  -38.162568206   29.529042059
    6.458993879  -37.842284069   61.685907419
    6.466064155  -37.302783966   87.147276713
    6.473134431  -36.662182765   88.583868602
    6.480204708  -36.105810427   65.209100322
    6.487274984  -35.756351016   33.590244186
    6.494345261  -35.599236421   12.950820192
    6.501415537  -35.525525719    9.913641659
    6.508485814  -35.430172215   16.704449927
    6.515556090  -35.292582103   20.313215728
    6.522626367  -35.168506733   12.506978513
    6.529696643  -35.130387369   -2.622826157
    6.536766920  -35.196576800  -16.351812745
    6.543837196  -35.331580737  -20.997571171
    6.550907473  -35.467654884  -16.428602639
    6.557977749  -35.553283302   -7.726770417
    6.565048026  -35.574493231    0.736186406
    6.572118302  -35.545957124    5.629623805
    6.579188579  -35.502962188    5.821671126
    6.586258855  -35.468372451    3.368197900
    6.593329132  -35.446132459    2.877111537
    6.600399408  -35.404019977    9.881381727
    6.607469685  -35.282805822   25.293508190
    6.614539961  -35.039747483   42.612576448
    6.621610238  -34.697224094   51.450249071
    6.628680514  -34.350464201   42.484367007
    6.635750790  -34.132066574   16.724197595
    6.642821067  -34.119567232  -12.964318669
    6.649891343  -34.276327333  -29.958967100
    6.656961620  -34.489502499  -27.456776164
    6.664031896  -34.644655504  -17.411267174
    6.671102173  -34.749834080  -15.009094515
    6.678172449  -34.883627389  -24.538247468
    6.685242726  -35.091625587  -33.311605602
    6.692313002  -35.301404668  -21.755721992
    6.699383279  -35.330824070   17.348586345
    6.706453555  -35.012155481   72.827657644
    6.713523832  -34.313302264  120.487925551
    6.720594108  -33.377949940  137.005283058
    6.727664385  -32.466199331  114.954296302
    6.734734661  -31.816281192   66.227557826
    6.741804938  -31.527777614   16.273812216
    6.748875214  -31.524231063  -10.298896023
    6.755945491  -31.600067002   -6.754734443
    6.763015767  -31.562233974   19.211612212
    6.770086044  -31.314557809   49.547522062
    6.777156320  -30.880012339   70.483791063
    6.784226597  -30.345932379   77.907042367
    6.791296873  -29.801529916   74.199929954
    6.798367150  -29.312319899   62.075319285
    6.805437426  -28.934999822   43.193035724
    6.812507702  -28.708774591   20.847243851
    6.819577979  -28.630950107    1.766214128
    6.826648255  -28.657212347   -7.764671776
    6.833718532  -28.725033845  -11.694489818
    6.840788808  -28.820191232  -17.011226886
    6.847859085  -28.964242962  -23.690405130
    6.854929361  -29.135023743  -22.238765545
    6.861999638  -29.234625607   -3.466389317
    6.869069914  -29.155683464   25.189723386
    6.876140191  -28.903777141   41.627663113
    6.883210467  -28.635766351   27.973107981
    6.890280744  -28.562598632   -9.663677109
    6.897351020  -28.772373718  -47.986938865
    6.904421297  -29.184581461  -64.317130131
    6.911491573  -29.614726786  -54.207589218
    6.918561850  -29.914589823  -30.363849160
    6.925632126  -30.044922438   -7.697291817
    6.932702403  -30.042453245    7.105304391
    6.939772679  -29.948462953   19.297508251
    6.946842956  -29.752657987   36.340357543
    6.953913232  -29.414526615   59.039435704
    6.960983509  -28.924972507   77.222247763
    6.968053785  -28.367613983   76.161373671
    6.975124062  -27.909588651   48.872073325
    6.982194338  -27.708953254    6.160638379
    6.989264614  -27.796914846  -27.914008650
    6.996334891  -28.025312587  -30.521937468
    7.003405167  -28.135645324    4.399239685
    7.010475444  -27.918672596   57.269071150
    7.017545720  -27.360593112   94.698181029
    7.024615997  -26.676469637   90.279074389
    7.031686273  -26.185582212   42.196159479
    7.038756550  -26.124050953  -25.542740964
    7.045826826  -26.509082714  -79.013026104
    7.052897103  -27.149024202  -95.443111734
    7.059967379  -27.762872061  -72.899625158
    7.067037656  -28.123970359  -28.058977265
    7.074107932  -28.158809035   15.704311855
    7.081178209  -27.953729759   36.876061502
    7.088248485  -27.709881598   26.901766252
    7.095318762  -27.626649367   -6.066804040
    7.102389038  -27.787585490  -37.122499958
    7.109459315  -28.087951969  -42.520284465
    7.116529591  -28.307593484  -15.410656889
    7.123599868  -28.269521012   25.707448476
    7.130670144  -27.981569984   50.109164139
    7.137740421  -27.643876643   38.433230837
    7.144810697  -27.500521802   -1.055874190
    7.151880974  -27.660111879  -42.058640495
    7.158951250  -28.031664652  -58.178261791
    7.166021526  -28.398201223  -40.488008292
    7.173091803  -28.556080374   -3.209562790
    7.180162079  -28.447749593   30.816676659
    7.187232356  -28.173564364   41.477267141
    7.194302632  -27.932084484   21.562598935
    7.201372909  -27.916790684  -20.421536852
    7.208443185  -28.215173712  -62.432310053
    7.215513462  -28.744039470  -82.261236513
    7.222583738  -29.292348202  -67.495929476
    7.229654015  -29.633700468  -26.441566265
    7.236724291  -29.662266822   15.144285184
    7.243794568  -29.474578540   31.874806233
    7.250864844  -29.286812742   16.340749309
    7.257935121  -29.267438668  -10.727987879
    7.265005397  -29.376764526  -13.797333732
    7.272075674  -29.348993235   28.416430986
    7.279145950  -28.884060820  105.606490764
    7.286216227  -27.862977442  178.245117125
    7.293286503  -26.468581287  206.753390399
    7.300356780  -25.080087666  175.873730490
    7.307427056  -24.074847995  103.859851545
    7.314497333  -23.629949680   23.191157377
    7.321567609  -23.689689036  -34.880695954
    7.328637886  -24.030221142  -55.380068835
    7.335708162  -24.390874946  -42.804257340
    7.342778438  -24.603601528  -17.687702235
    7.349848715  -24.666432053   -4.233265491
    7.356918991  -24.716163823  -14.450071494
    7.363989268  -24.906060329  -40.947081482
    7.371059544  -25.281002806  -63.174741556
    7.378129821  -25.753079759  -67.559133244
    7.385200097  -26.199274506  -57.337648037
    7.392270374  -26.554748143  -43.633860958
    7.399340650  -26.813725737  -29.597445246
    7.406410927  -26.943748683   -4.685074969
    7.413481203  -26.829838093   39.873199182
    7.420551480  -26.343965481   98.006113525
    7.427621756  -25.464638782  145.980140736
    7.434692033  -24.357738218  159.720362675
    7.441762309  -23.310757240  129.284545179
    7.448832586  -22.605648641   66.952956899
    7.455902862  -22.378071223   -2.075835800
    7.462973139  -22.586207219  -54.233546059
    7.470043415  -23.075351324  -79.571628753
    7.477113692  -23.660975344  -83.542177306
    7.484183968  -24.224504673  -75.106587069
    7.491254245  -24.702536931  -59.352865025
    7.498324521  -25.046008513  -37.046236215
    7.505394798  -25.213323925  -10.856517631
    7.512465074  -25.201795735   12.508337251
    7.519535350  -25.063795621   24.183564347
    7.526605627  -24.891350197   22.281739220
    7.533675903  -24.759926048   14.532166242
    7.540746180  -24.683468778    7.206754654
    7.547816456  -24.656838316   -1.525195055
    7.554886733  -24.722090396  -18.864071348
    7.561957009  -24.949982290  -47.090255001
    7.569027286  -25.377588250  -71.489360948
    7.576097562  -25.907178286  -73.598669397
    7.583167839  -26.348123436  -47.624568501
    7.590238115  -26.551835834  -10.913087557
    7.597308392  -26.543281932    7.505708302
    7.604378668  -26.534047201  -11.691242868
    7.611448945  -26.782362972  -61.758464550
    7.618519221  -27.407005452 -112.047068915
    7.625589498  -28.273641941 -124.601508589
    7.632659774  -29.027645338  -80.092078950
    7.639730051  -29.295976556    7.966211496
    7.646800327  -28.917045346   94.561140060
    7.653870604  -28.076767343  130.775744178
    7.660940880  -27.225011589   99.206841711
    7.668011157  -26.778036579   23.133402145
    7.675081433  -26.880727822  -47.923529929
    7.682151710  -27.346300713  -74.868950837
    7.689221986  -27.818890059  -52.050829285
    7.696292262  -28.015210360   -1.869912694
    7.703362539  -27.852749106   44.701372534
    7.710432815  -27.438218660   67.500423436
    7.717503092  -26.968749011   60.339608132
    7.724573368  -26.641474437   27.902577204
    7.731643645  -26.602121995  -18.709152712
    7.738713921  -26.901459552  -64.568131925
    7.745784198  -27.477069323  -94.080646785
    7.752854474  -28.166240758  -96.569264198
    7.759924751  -28.776695799  -72.447112012
    7.766995027  -29.153786328  -33.566467012
    7.774065304  -29.246105347    6.356450008
    7.781135580  -29.084346496   36.734287247
    7.788205857  -28.750023164   55.394620644
    7.795276133  -28.318486319   64.982692096
    7.802346410  -27.835770908   70.325886735
    7.809416686  -27.322457461   74.387243673
    7.816486963  -26.786567958   76.412988776
    7.823557239  -26.255807365   72.117454968
    7.830627516  -25.788525560   57.522630420
    7.837697792  -25.458695738   34.835864587
    7.844768069  -25.295572816   11.333374082
    7.851838345  -25.275196226   -4.164627801
    7.858908621  -25.327836555   -9.726481085
    7.865978898  -25.393191159   -8.963611984
    7.873049174  -25.451883365   -8.184694994
    7.880119451  -25.517444453  -12.216072540
    7.887189727  -25.633548665  -22.011940717
    7.894260004  -25.838947935  -37.102402810
    7.901330280  -26.155639681  -51.787820854
    7.908400557  -26.543848130  -56.474834351
    7.915470833  -26.903700803  -42.135370478
    7.922541110  -27.105818314  -14.103591258
    7.929611386  -27.108242671   10.805606416
    7.936681663  -27.002169020   14.077314726
    7.943751939  -26.967313931   -8.834439043
    7.950822216  -27.146879247  -42.001809081
    7.957892492  -27.525812299  -61.664950589
    7.964962769  -27.945591900  -52.119398990
    7.972033045  -28.207604018  -20.635556427
    7.979103322  -28.226405025   13.778219171
    7.986173598  -28.043220361   35.564119127
    7.993243875  -27.752036227   45.522618508
    8.000314151  -27.394717029   55.402378482
    8.007384428  -26.952413104   69.221528835
    8.014454704  -26.425866221   77.238623397
    8.021524981  -25.903334770   65.913768379
    8.028595257  -25.538155885   34.331088815
    8.035665533  -25.432397035   -4.354913538
    8.042735810  -25.567958745  -30.809974063
    8.049806086  -25.806112181  -33.195061458
    8.056876363  -25.971220776  -10.543101104
    8.063946639  -25.921983693   24.972844717
    8.071016916  -25.627998696   55.298207328
    8.078087192  -25.190436732   63.017296889
    8.085157469  -24.810618431   38.944711593
    8.092227745  -24.694361109   -9.105510003
    8.099298022  -24.934421363  -56.631168225
    8.106368298  -25.426137875  -76.266089276
    8.113438575  -25.913339902  -55.618580455
    8.120508851  -26.139458414   -6.750369366
    8.127579128  -26.009559239   40.248840560
    8.134649404  -25.640399750   57.856072924
    8.141719681  -25.267704903   42.956429078
    8.148789957  -25.056621490   17.440968338
    8.155860234  -24.970552321   11.373040357
    8.162930510  -24.803430679   41.620655389
    8.170000787  -24.319981894   96.704941543
    8.177071063  -23.450624648  144.662626168
    8.184141340  -22.367666677  152.723205795
    8.191211616  -21.403574202  112.464006786
    8.198281893  -20.832582788   48.482525630
    8.205352169  -20.666438170    4.183526849
    8.212422445  -20.643827214   11.061281369
    8.219492722  -20.402320610   61.555471831
    8.226562998  -19.763042364  115.560470955
    8.233633275  -18.865194259  127.823573911
    8.240703551  -18.091973309   81.252356025
    8.247773828  -17.808660472   -4.654420969
    8.254844104  -18.141591294  -86.146066949
    8.261914381  -18.903842263 -119.436334049
    8.268984657  -19.668789971  -86.103509281
    8.276054934  -19.996546789   -0.640624477
    8.283125210  -19.644688232   98.397843878
    8.290195487  -18.674724323  167.391272580
    8.297265763  -17.404725760  181.138653987
    8.304336040  -16.233722279  142.304498129
    8.311406316  -15.456208469   75.250446882
    8.318476593  -15.159472016   11.566807098
    8.325546869  -15.229103967  -25.795607253
    8.332617146  -15.437276993  -27.683734991
    8.339687422  -15.553454186   -1.944260126
    8.346757699  -15.441367453   33.315727689
    8.353827975  -15.101318091   59.742864082
    8.360898252  -14.643564582   64.940175631
    8.367968528  -14.235162068   46.486051157
    8.375038805  -14.036754423    6.497928447
    8.382109081  -14.176864539  -47.716561323
    8.389179357  -14.714853381 -103.276566790
    8.396249634  -15.595334069 -141.541029252
    8.403319910  -16.631416594 -145.537750319
    8.410390187  -17.560971887 -112.023767632
    8.417460463  -18.165770458  -58.308963857
    8.424530740  -18.402897467  -13.034986823
    8.431601016  -18.423365308    1.165099030
    8.438671293  -18.461394022  -16.337080549
    8.445741569  -18.666831159  -40.048648875
    8.452811846  -18.967660524  -39.203591310
    8.459882122  -19.120973708    1.793888043
    8.466952399  -18.883074596   66.936836556
    8.474022675  -18.201591174  120.741906266
    8.481092952  -17.276205160  132.731159796
    8.488163228  -16.440268818   95.549154885
    8.495233505  -15.994628516   27.326432075
    8.502303781  -16.065634206  -46.408305369
    8.509374058  -16.600743084 -100.704975817
    8.516444334  -17.397964466 -117.487985752
    8.523514611  -18.152758917  -88.574518632
    8.530584887  -18.551736257  -19.556325787
    8.537655164  -18.389832211   64.458308604
    8.544725440  -17.690092781  126.163499451
    8.551795717  -16.726379767  136.232415229
    8.558865993  -15.892626577   91.650009262
    8.565936269  -15.491234779   21.107109165
    8.573006546  -15.552397434  -32.303220338
    8.580076822  -15.823998092  -35.220896372
    8.587147099  -15.924846008   12.762661888
    8.594217375  -15.593815947   80.027782823
    8.601287652  -14.850506047  123.237769755
    8.608357928  -13.967952157  117.753829486
    8.615428205  -13.276299082   73.136765899
    8.622498481  -12.942371941   23.343707487
    8.629568758  -12.880191184    0.239831201
    8.636639034  -12.842970058   16.462034145
    8.643709311  -12.582702055   59.599048825
    8.650779587  -11.995605789  104.244892937
    8.657849864  -11.164558450  125.189904826
    8.664920140  -10.317468429  107.197863214
    8.671990417   -9.738270589   50.403018073
    8.679060693   -9.653971039  -28.643626824
    8.686130970  -10.126995638 -101.365713908
    8.693201246  -10.998131683 -136.276691264
    8.700271523  -11.913926638 -112.881332314
    8.707341799  -12.466591922  -36.961865499
    8.714412076  -12.393390127   56.174828343
    8.721482352  -11.747547931  117.306587807
    8.728552629  -10.896439540  110.803401409
    8.735622905  -10.340999070   36.539830390
    8.742693181  -10.454891118  -70.028922699
    8.749763458  -11.294095815 -161.375165421
    8.756833734  -12.617384858 -203.368270593
    8.763904011  -14.038983483 -191.185271384
    8.770974287  -15.233067372 -142.497105155
    8.778044564  -16.028142613  -82.832500481
    8.785114840  -16.421503828  -30.722514622
    8.792185117  -16.503848831    3.434770451
    8.799255393  -16.419003429   16.378798272
    8.806325670  -16.318491169    8.926578357
    8.813395946  -16.331547546  -14.438567754
    8.820466223  -16.539515791  -44.753749395
    8.827536499  -16.962191518  -74.301226560
    8.834606776  -17.582401958 -100.883691908
    8.841677052  -18.386997159 -127.207753414
    8.848747329  -19.379232288 -153.391793822
    8.855817605  -20.538789839 -172.997086037
    8.862887882  -21.770996192 -170.405880774
    8.869958158  -22.859645775 -130.848658243
    8.877028435  -23.523461548  -51.350211925
    8.884098711  -23.536371705   47.842492489
    8.891168988  -22.882706915  130.991293143
    8.898239264  -21.798863525  166.295880537
    8.905309540  -20.660498455  147.717301860
    8.912379817  -19.781673961   97.941559080
    8.919450093  -19.270936592   48.442213600
    8.926520370  -19.053279617   16.553652293
    8.933590646  -19.000775996   -0.827448315
    8.940660923  -19.053757680  -14.774393014
    8.947731199  -19.219208684  -33.184104595
    8.954801476  -19.526468354  -53.842328112
    8.961871752  -19.968208996  -71.662100255
    8.968942029  -20.514377881  -81.873845888
    8.976012305  -21.108389850  -85.553716460
    8.983082582  -21.699544940  -80.362042331
    8.990152858  -22.214246488  -62.464536408
    8.997223135  -22.541950513  -26.909746119
    9.004293411  -22.550309435   26.316218916
    9.011363688  -22.144009462   87.826039301
    9.018433964  -21.333453745  137.595869161
    9.025504241  -20.275763584  154.782120124
    9.032574517  -19.240722212  131.152992921
    9.039644794  -18.489938796   77.665823609
    9.046715070  -18.147261137   20.606328544
    9.053785347  -18.134155606  -10.691246527
    9.060855623  -18.197806284   -0.401861575
    9.067925900  -18.050746437   45.805822493
    9.074996176  -17.522134506  101.918747024
    9.082066452  -16.661371220  135.684189551
    9.089136729  -15.703578728  127.087705225
    9.096207005  -14.948249128   80.587158778
    9.103277282  -14.593291727   19.764150879
    9.110347558  -14.640504388  -29.728739718
    9.117417835  -14.945682832  -52.095175228
    9.124488111  -15.312062069  -48.026410001
    9.131558388  -15.587560010  -28.079222904
    9.138628664  -15.695580958   -2.323368112
    9.145698941  -15.615631421   24.858420405
    9.152769217  -15.343653232   51.293384049
    9.159839494  -14.895782841   73.669263464
    9.166909770  -14.323054809   85.969651929
    9.173980047  -13.710999753   85.025864783
    9.181050323  -13.141146529   74.723490352
    9.188120600  -12.646900089   66.148167498
    9.195190876  -12.183201667   66.864456301
    9.202261153  -11.676257050   76.962684860
    9.209331429  -11.089920336   87.812466548
    9.216401706  -10.457744860   88.454389268
    9.223471982   -9.872280630   74.490425225
    9.230542259   -9.428507541   49.040091750
    9.237612535   -9.193034138   16.773956117
    9.244682812   -9.203249507  -21.248952070
    9.251753088   -9.494227257  -60.765287669
    9.258823364  -10.038833670  -89.943335391
    9.265893641  -10.693231757  -89.193309299
    9.272963917  -11.197731461  -47.328876565
    9.280034194  -11.293916378   22.297356249
    9.287104470  -10.893706464   87.076345012
    9.294174747  -10.138828426  119.656771812
    9.301245023   -9.279948497  119.202285652
    9.308315300   -8.476457369  108.953133990
    9.315385576   -7.699622048  114.488816601
    9.322455853   -6.802166836  141.700295336
    9.329526129   -5.679863550  174.460477279
    9.336596406   -4.375824845  190.075689584
    9.343666682   -3.060657783  177.200998895
    9.350736959   -1.925343034  141.210783527
    9.357807235   -1.082119106   96.508632304
    9.364877512   -0.543342227   57.329330313
    9.371947788   -0.242764825   29.608589762
    9.379018065   -0.096619753   13.397362316
    9.386088341   -0.034165126    5.309956190
    9.393158618   -0.010728342    1.847953121
    9.400228894   -0.002333874    0.428912466
    9.407299171   -0.000000000   -0.000000000
    9.414369447   -0.000000000   -0.000000000
    9.421439724   -0.000000000   -0.000000000
    9.428510000   -0.000000000   -0.000000000
