#! FIELDS F399_dist file.free der_F399_dist
#! SET min_F399_dist 0.350275
#! SET max_F399_dist 9.42851
#! SET nbins_F399_dist  1285
#! SET periodic_F399_dist false
    0.350275000   -0.005976289   -1.087831979
    0.357345276   -0.021993922   -3.683122076
    0.364415553   -0.069859629  -10.642509263
    0.371485829   -0.195920774  -26.863051554
    0.378556106   -0.490039014  -59.792617460
    0.385626382   -1.102807929 -118.473933885
    0.392696659   -2.244331468 -209.849509876
    0.399766935   -4.146840290 -332.608938466
    0.406837212   -6.991078005 -472.536026502
    0.413907488  -10.805474971 -601.468324757
    0.420977765  -15.389959846 -684.744670986
    0.428048041  -20.318101562 -696.037412448
    0.435118318  -25.059507061 -634.264577981
    0.442188594  -29.187231641 -529.688093712
    0.449258871  -32.567458871 -431.295768620
    0.456329147  -35.402748474 -380.070015682
    0.463399424  -38.082998816 -386.070304490
    0.470469700  -40.951507424 -428.348526774
    0.477539977  -44.155776026 -476.644527233
    0.484610253  -47.667503118 -514.390430195
    0.491680530  -51.417741597 -545.586866320
    0.498750806  -55.398129302 -581.382081704
    0.505821083  -59.658053677 -624.424645761
    0.512891359  -64.209074844 -659.433497428
    0.519961636  -68.910464666 -663.953271972
    0.527031912  -73.479327956 -620.469286686
    0.534102188  -77.580504394 -534.182919070
    0.541172465  -80.990051410 -430.807358866
    0.548242741  -83.711309436 -343.816819616
    0.555313018  -85.936929893 -292.921636199
    0.562383294  -87.927351319 -274.322783000
    0.569453571  -89.849417497 -270.395734559
    0.576523847  -91.732226873 -260.939587707
    0.583594124  -93.489460390 -233.064408713
    0.590664400  -94.968826872 -182.230228760
    0.597734677  -96.007120930 -109.398364748
    0.604804953  -96.483922020  -25.991801263
    0.611875230  -96.388788833   48.816932516
    0.618945506  -95.851078342   96.152536960
    0.626015783  -95.090950799  112.968439682
    0.633086059  -94.288784899  111.615370571
    0.640156336  -93.501808193  111.269119424
    0.647226612  -92.681819255  121.283945992
    0.654296889  -91.771786259  133.913147026
    0.661367165  -90.794341032  139.125797591
    0.668437442  -89.810830328  137.112190485
    0.675507718  -88.830720157  140.861411805
    0.682577995  -87.759378044  163.638533596
    0.689648271  -86.470091133  200.968975327
    0.696718548  -84.923215138  230.694370259
    0.703788824  -83.255842360  234.897745050
    0.710859100  -81.664364723  209.983622101
    0.717929377  -80.303914845  173.593282257
    0.724999653  -79.182978841  143.871837098
    0.732069930  -78.223178807  127.047932418
    0.739140206  -77.378931734  108.577506015
    0.746210483  -76.733227518   67.337692374
    0.753280759  -76.498181686   -7.273826414
    0.760351036  -76.880910020 -103.764264163
    0.767421312  -77.933403246 -191.737968662
    0.774491589  -79.489840248 -242.302048001
    0.781561865  -81.249556433 -250.682908937
    0.788632142  -82.964429455 -233.276006552
    0.795702418  -84.539514156 -215.033263099
    0.802772695  -86.017404835 -205.762972686
    0.809842971  -87.456545676 -202.192932093
    0.816913248  -88.865601563 -197.149892671
    0.823983524  -90.228246007 -189.397263206
    0.831053801  -91.534672205 -180.338279444
    0.838124077  -92.755862837 -163.942819596
    0.845194354  -93.795958421 -126.348993565
    0.852264630  -94.485992168  -67.511814431
    0.859334907  -94.731783980   -5.655151501
    0.866405183  -94.621529193   29.226449520
    0.873475460  -94.403964125   24.623092759
    0.880545736  -94.320626401   -3.167190217
    0.887616012  -94.419359796  -22.901680762
    0.894686289  -94.566578397  -13.905092501
    0.901756565  -94.556443706   17.095217871
    0.908826842  -94.300847076   53.837498523
    0.915897118  -93.811505950   81.587179241
    0.922967395  -93.161240595   99.295601909
    0.930037671  -92.408433772  109.901176959
    0.937107948  -91.612898467  112.178102262
    0.944178224  -90.847198309  100.033450614
    0.951248501  -90.217102552   74.884883901
    0.958318777  -89.798083472   41.321623600
    0.965389054  -89.618683743   10.318250361
    0.972459330  -89.620906032  -10.212447452
    0.979529607  -89.708505504  -13.392753141
    0.986599883  -89.762014295   -1.086915704
    0.993670160  -89.704699779   15.199472986
    1.000740436  -89.559978052   22.147389203
    1.007810713  -89.426960536   10.455952351
    1.014880989  -89.436176758  -17.378108378
    1.021951266  -89.674077731  -50.014875211
    1.029021542  -90.114385997  -72.854136333
    1.036091819  -90.632989772  -70.362910417
    1.043162095  -91.034735496  -41.792153224
    1.050232371  -91.179627276    0.034077497
    1.057302648  -91.058594786   29.177633680
    1.064372924  -90.815623734   34.487599774
    1.071443201  -90.594038268   26.079538299
    1.078513477  -90.416680090   25.147576340
    1.085583754  -90.192346622   38.280673134
    1.092654030  -89.872039199   49.159845635
    1.099724307  -89.549556343   35.410611383
    1.106794583  -89.422663934   -4.024025515
    1.113864860  -89.604044255  -46.552120331
    1.120935136  -90.005030993  -62.371632989
    1.128005413  -90.374276501  -36.725901871
    1.135075689  -90.442749820   18.136396398
    1.142145966  -90.105393926   72.939062547
    1.149216242  -89.474579447   97.610619181
    1.156286519  -88.820928776   79.223984420
    1.163356795  -88.412865742   32.288192493
    1.170427072  -88.341595291  -10.901778937
    1.177497348  -88.479442465  -22.416040621
    1.184567625  -88.566076168    0.996484170
    1.191637901  -88.407626490   43.553321750
    1.198708178  -87.951082181   82.578201500
    1.205778454  -87.265509541  106.571998236
    1.212848731  -86.463524142  117.327957183
    1.219919007  -85.625072331  116.370003036
    1.226989283  -84.835097813  103.441208059
    1.234059560  -84.175756944   80.209071562
    1.241129836  -83.688870952   57.608081523
    1.248200113  -83.311383145   52.148891309
    1.255270389  -82.881506340   72.409078215
    1.262340666  -82.232508878  110.789924820
    1.269410942  -81.309681251  146.391492362
    1.276481219  -80.211612672  157.181198788
    1.283551495  -79.148662111  137.543138828
    1.290621772  -78.309877454   96.486134741
    1.297692048  -77.789013222   48.687613901
    1.304762325  -77.603807422    1.868830344
    1.311832601  -77.756087311  -45.915275141
    1.318902878  -78.252803913  -95.492645950
    1.325973154  -79.066905485 -133.298151404
    1.333043431  -80.050484859 -139.520146183
    1.340113707  -80.945465830 -110.342305687
    1.347183984  -81.559870319  -64.502318860
    1.354254260  -81.891510245  -36.716414146
    1.361324537  -82.160579395  -46.959179943
    1.368394813  -82.616964345  -84.859802823
    1.375465090  -83.335498556 -115.307155458
    1.382535366  -84.150662042 -109.324715844
    1.389605643  -84.793561414  -70.581885766
    1.396675919  -85.137117535  -30.601738610
    1.403746195  -85.291522490  -20.152934158
    1.410816472  -85.488128323  -39.396995320
    1.417886748  -85.849942228  -62.254485747
    1.424957025  -86.295427181  -59.963028785
    1.432027301  -86.624800348  -30.855864666
    1.439097578  -86.708215638    4.236630397
    1.446167854  -86.594996027   22.676460489
    1.453238131  -86.436474771   17.968956654
    1.460308407  -86.361514023    2.523768617
    1.467378684  -86.375860392   -5.943941161
    1.474448960  -86.392152346    1.814819375
    1.481519237  -86.307119905   22.207797353
    1.488589513  -86.074582824   41.269401012
    1.495659790  -85.747272744   47.355554974
    1.502730066  -85.437442439   35.991040515
    1.509800343  -85.251440969   14.138599617
    1.516870619  -85.219569677   -5.027291005
    1.523940896  -85.280613509  -11.480828395
    1.531011172  -85.342737158   -6.519616984
    1.538081449  -85.366428884   -2.894528240
    1.545151725  -85.420117153  -17.952737880
    1.552222002  -85.660575073  -54.824180949
    1.559292278  -86.206758349  -99.934113768
    1.566362555  -87.024839065 -127.898584899
    1.573432831  -87.912876740 -117.981732914
    1.580503107  -88.593940808  -71.746211582
    1.587573384  -88.895864430  -15.435858992
    1.594643660  -88.854571284   20.127553267
    1.601713937  -88.670324152   26.432440838
    1.608784213  -88.510378696   16.666877963
    1.615854490  -88.407110069   13.566134715
    1.622924766  -88.279144840   22.702116829
    1.629995043  -88.076408562   31.776360014
    1.637065319  -87.854707485   26.932250880
    1.644135596  -87.715137351   10.493952282
    1.651205872  -87.691860032   -3.587302366
    1.658276149  -87.722837315   -3.932404739
    1.665346425  -87.710734443    6.434954952
    1.672416702  -87.612718318   20.233340158
    1.679486978  -87.424393724   31.313498130
    1.686557255  -87.162903430   41.226566274
    1.693627531  -86.836834685   48.220122722
    1.700697808  -86.483517142   49.041283797
    1.707768084  -86.162138937   37.792835659
    1.714838361  -85.957672989   17.302226991
    1.721908637  -85.921637496   -8.310928185
    1.728978914  -86.059954422  -30.214328222
    1.736049190  -86.318866594  -43.838125215
    1.743119467  -86.638954620  -46.195959475
    1.750189743  -86.954483474  -43.407724268
    1.757260019  -87.245386036  -40.873745593
    1.764330296  -87.519264036  -37.548269922
    1.771400572  -87.748332775  -26.836083748
    1.778470849  -87.856987981   -3.662888377
    1.785541125  -87.774323002   25.782075700
    1.792611402  -87.509067003   44.389830817
    1.799681678  -87.187909889   41.455468885
    1.806751955  -86.947617724   25.657865467
    1.813822231  -86.794397178   19.622065744
    1.820892508  -86.593065964   40.663827885
    1.827962784  -86.167008262   79.177193376
    1.835033061  -85.480403733  111.118888012
    1.842103337  -84.649960131  117.704445026
    1.849173614  -83.852164845  104.861496204
    1.856243890  -83.165206182   89.182817755
    1.863314167  -82.565982932   79.653992026
    1.870384443  -82.024801365   70.479048928
    1.877454720  -81.579663865   53.172192900
    1.884524996  -81.284006908   29.078778687
    1.891595273  -81.142114465   12.543856632
    1.898665549  -81.057971390   12.981729389
    1.905735826  -80.917713790   26.047838673
    1.912806102  -80.681318894   37.758444254
    1.919876379  -80.407257597   36.302424512
    1.926946655  -80.194491473   20.855737329
    1.934016931  -80.115098032    1.222710246
    1.941087208  -80.156308860  -12.492208511
    1.948157484  -80.255340137  -16.264496477
    1.955227761  -80.348858633   -9.749271934
    1.962298037  -80.378982253    0.531236065
    1.969368314  -80.333731580    9.945582462
    1.976438590  -80.246018247   10.792572542
    1.983508867  -80.215560219   -6.783990194
    1.990579143  -80.393769196  -47.991338988
    1.997649420  -80.916085351 -101.529714736
    2.004719696  -81.796298631 -145.270413428
    2.011789973  -82.890345874 -159.743836657
    2.018860249  -83.965936628 -141.100760217
    2.025930526  -84.828407880 -102.208307522
    2.033000802  -85.403130054  -62.833726199
    2.040071079  -85.744703387  -37.591388676
    2.047141355  -85.964958415  -27.899205879
    2.054211632  -86.148700679  -26.151037999
    2.061281908  -86.321210326  -23.924438683
    2.068352185  -86.476094280  -21.319512871
    2.075422461  -86.637923635  -27.629544872
    2.082492738  -86.882789522  -43.505618788
    2.089563014  -87.236516268  -55.369822264
    2.096633290  -87.599732243  -43.670885073
    2.103703567  -87.785634717   -7.236818215
    2.110773843  -87.687814415   30.718319073
    2.117844120  -87.404273461   42.237604267
    2.124914396  -87.160026139   20.607413597
    2.131984673  -87.133895851  -14.236021645
    2.139054949  -87.335845086  -41.501838280
    2.146125226  -87.687974570  -58.481902541
    2.153195502  -88.150382680  -75.073444003
    2.160265779  -88.739005249  -91.804592998
    2.167336055  -89.405314322  -92.863509085
    2.174406332  -89.968810100  -62.866918099
    2.181476608  -90.214563132   -5.680400495
    2.188546885  -90.039214107   50.586366609
    2.195617161  -89.555163362   79.066865691
    2.202687438  -88.992615424   73.475126139
    2.209757714  -88.556977331   46.503287542
    2.216827991  -88.341149682   13.519546497
    2.223898267  -88.347957220  -17.067745367
    2.230968544  -88.552252830  -40.644050904
    2.238038820  -88.895513183  -55.469472668
    2.245109097  -89.300385289  -57.533822770
    2.252179373  -89.664454270  -44.597022524
    2.259249650  -89.888663923  -19.612363690
    2.266319926  -89.915455444   10.457191827
    2.273390202  -89.741078847   36.339600733
    2.280460479  -89.425535384   49.226033848
    2.287530755  -89.077638483   45.235734393
    2.294601032  -88.808240636   28.308912001
    2.301671308  -88.671894281   10.324547982
    2.308741585  -88.625575178    4.238871073
    2.315811861  -88.554184433   18.090270330
    2.322882138  -88.322391247   47.125405994
    2.329952414  -87.869523094   79.039923980
    2.337022691  -87.224598638   98.090073737
    2.344092967  -86.517347081   97.553224839
    2.351163244  -85.873559327   82.396153673
    2.358233520  -85.346681989   65.923935760
    2.365303797  -84.896913567   62.182216071
    2.372374073  -84.428044219   70.801329785
    2.379444350  -83.895588614   76.304781326
    2.386514626  -83.384068944   62.893549003
    2.393584903  -83.050079069   27.360357577
    2.400655179  -83.010895005  -16.990043305
    2.407725456  -83.251002858  -49.563779724
    2.414795732  -83.640977738  -57.598340516
    2.421866009  -84.013089554  -47.031072196
    2.428936285  -84.290352277  -33.798821454
    2.436006562  -84.504319817  -29.378278366
    2.443076838  -84.716780548  -31.962647420
    2.450147114  -84.925443023  -25.730013309
    2.457217391  -85.015353341    2.349882474
    2.464287667  -84.844748340   45.561687689
    2.471357944  -84.391509702   76.485605848
    2.478428220  -83.842667256   69.977810135
    2.485498497  -83.487543695   24.977998816
    2.492568773  -83.502931193  -29.419011824
    2.499639050  -83.826631691  -56.286626173
    2.506709326  -84.193227473  -43.300572280
    2.513779603  -84.370335248   -7.120160409
    2.520849879  -84.302310758   21.987097490
    2.527920156  -84.111698954   26.607101821
    2.534990432  -83.968628319   10.115767723
    2.542060709  -83.971615463  -11.963705925
    2.549130985  -84.112801254  -27.606657043
    2.556201262  -84.317098723  -28.635078226
    2.563271538  -84.470953311  -13.970010447
    2.570341815  -84.480481945   11.155807114
    2.577412091  -84.316410035   32.629869167
    2.584482368  -84.054989120   35.872101808
    2.591552644  -83.850351076   16.305108405
    2.598622921  -83.842050373  -15.892628572
    2.605693197  -84.053474412  -42.327318761
    2.612763474  -84.377031267  -46.094259721
    2.619833750  -84.627480619  -23.024245913
    2.626904026  -84.648867337   16.411129959
    2.633974303  -84.394092557   53.112228921
    2.641044579  -83.937435801   71.455189282
    2.648114856  -83.428531786   66.155240399
    2.655185132  -83.027729208   43.352881887
    2.662255409  -82.827375244   11.918123097
    2.669325685  -82.843303679  -16.097078898
    2.676395962  -83.004868001  -27.156586351
    2.683466238  -83.160215889  -14.603756167
    2.690536515  -83.151237128   18.915963464
    2.697606791  -82.874776594   56.716607304
    2.704677068  -82.374101389   79.310093565
    2.711747344  -81.816848588   71.644094761
    2.718817621  -81.418562128   35.833843931
    2.725887897  -81.317982800   -8.714754797
    2.732958174  -81.488950039  -36.742740361
    2.740028450  -81.756687286  -36.118088332
    2.747098727  -81.938237833  -14.493349584
    2.754169003  -81.949339257    8.490694706
    2.761239280  -81.841643459   17.913583824
    2.768309556  -81.723635019   12.111222364
    2.775379833  -81.674247635    0.700434513
    2.782450109  -81.692667547   -5.551855351
    2.789520386  -81.711969735    0.671953198
    2.796590662  -81.636303654   20.869628504
    2.803660938  -81.384663607   50.236307071
    2.810731215  -80.931954602   75.042690030
    2.817801491  -80.361890398   79.862428149
    2.824871768  -79.855133630   57.545462306
    2.831942044  -79.586075817   15.713167601
    2.839012321  -79.612578416  -20.744916464
    2.846082597  -79.804477952  -28.874781753
    2.853152874  -79.932846936   -4.931674799
    2.860223150  -79.835034667   31.214453453
    2.867293427  -79.528095916   50.042926326
    2.874363703  -79.191700289   38.475674888
    2.881433980  -79.023815114    6.263909919
    2.888504256  -79.092031671  -24.549333347
    2.895574533  -79.310179837  -34.299496133
    2.902644809  -79.498388154  -16.009642356
    2.909715086  -79.485704448   19.549920922
    2.916785362  -79.218049783   53.483206506
    2.923855639  -78.772794919   66.833113937
    2.930925915  -78.320203756   55.842326367
    2.937996192  -78.005710701   30.362975788
    2.945066468  -77.880220198    5.210344219
    2.952136745  -77.902685793  -10.141047122
    2.959207021  -77.992799777  -16.471527403
    2.966277298  -78.101645772  -14.541275391
    2.973347574  -78.178546567   -7.655457669
    2.980417850  -78.194123591    2.307765520
    2.987488127  -78.138739719   11.710355318
    2.994558403  -78.035559915   14.905881316
    3.001628680  -77.931460866   12.259796271
    3.008698956  -77.849641454   10.600855179
    3.015769233  -77.748573558   19.706385968
    3.022839509  -77.527747284   43.561065989
    3.029909786  -77.110890628   71.761952525
    3.036980062  -76.541100512   84.156007462
    3.044050339  -75.990249375   65.393382018
    3.051120615  -75.666632266   22.603287821
    3.058190892  -75.657321616  -18.773518886
    3.065261168  -75.855245187  -32.074471794
    3.072331445  -76.018600846  -10.540996574
    3.079401721  -75.945898842   30.515765787
    3.086471998  -75.594761781   64.264000173
    3.093542274  -75.089987904   72.770411276
    3.100612551  -74.617708063   56.846791033
    3.107682827  -74.291325660   34.725734280
    3.114753104  -74.075347984   28.844356898
    3.121823380  -73.815477371   47.432328569
    3.128893657  -73.372319089   75.530673323
    3.135963933  -72.780998116   85.899768874
    3.143034210  -72.245698735   57.909143270
    3.150104486  -72.018182988    3.424333319
    3.157174762  -72.164193579  -41.034025832
    3.164245039  -72.481516817  -41.631826471
    3.171315315  -72.637496915    1.146801913
    3.178385592  -72.444346587   49.446590859
    3.185455868  -72.015882943   62.521197152
    3.192526145  -71.647591283   35.838805819
    3.199596421  -71.513244883    4.424227764
    3.206666698  -71.482424615   11.515089334
    3.213736974  -71.219812962   67.556381682
    3.220807251  -70.482157020  138.012073237
    3.227877527  -69.357440833  168.162870870
    3.234947804  -68.266264163  127.692290757
    3.242018080  -67.685363596   29.484989905
    3.249088357  -67.859537078  -77.449038654
    3.256158633  -68.663451933 -142.067846076
    3.263228910  -69.705792559 -143.383235902
    3.270299186  -70.575952266  -99.028074664
    3.277369463  -71.079235801  -45.038556917
    3.284439739  -71.243602119   -6.333296606
    3.291510016  -71.194287311   17.963178922
    3.298580292  -70.985691693   40.517207224
    3.305650569  -70.603859080   65.913744807
    3.312720845  -70.071059051   80.832708580
    3.319791121  -69.519622843   69.503133179
    3.326861398  -69.140078054   34.118862152
    3.333931674  -69.039635118   -4.717908561
    3.341001951  -69.163687361  -28.511716676
    3.348072227  -69.395651268  -37.542115077
    3.355142504  -69.676674256  -43.797795452
    3.362212780  -70.020510613  -55.048276210
    3.369283057  -70.443262598  -64.070529806
    3.376353333  -70.892915488  -62.312806106
    3.383423610  -71.301983061  -55.288607278
    3.390493886  -71.695234767  -60.651363720
    3.397564163  -72.193995303  -83.881738752
    3.404634439  -72.871385079 -105.488680355
    3.411704716  -73.597725498  -92.730298545
    3.418774992  -74.061193094  -32.230002882
    3.425845269  -73.982683222   52.648770403
    3.432915545  -73.358105963  115.377423745
    3.439985822  -72.493473526  116.287881289
    3.447056098  -71.855166177   55.187733308
    3.454126375  -71.777647179  -35.705928809
    3.461196651  -72.310958152 -110.078755930
    3.468266928  -73.208974164 -136.111282907
    3.475337204  -74.103862233 -110.678011711
    3.482407481  -74.703360743  -58.310157563
    3.489477757  -74.955630993  -18.245878188
    3.496548033  -75.053194497  -19.162353160
    3.503618310  -75.300213722  -55.507140219
    3.510688586  -75.834245746  -93.699854708
    3.517758863  -76.522777341  -93.669600725
    3.524829139  -77.040156473  -46.681289389
    3.531899416  -77.139275438   16.727474311
    3.538969692  -76.855274318   55.548233333
    3.546039969  -76.437186957   56.985496331
    3.553110245  -76.084401564   41.562106243
    3.560180522  -75.814508496   35.770222344
    3.567250798  -75.538965260   41.185321126
    3.574321075  -75.248592505   36.956116010
    3.581391351  -75.057619777   13.434123719
    3.588461628  -75.056049840  -12.079881508
    3.595531904  -75.170843453  -16.847217317
    3.602602181  -75.231492361    0.369621671
    3.609672457  -75.149384380   19.819575283
    3.616742734  -74.974970514   25.975063642
    3.623813010  -74.790961248   25.482527723
    3.630883287  -74.581248511   36.931632772
    3.637953563  -74.227718527   63.841512754
    3.645023840  -73.669799646   89.927611230
    3.652094116  -73.006405638   89.963165666
    3.659164393  -72.464706590   58.823286731
    3.666234669  -72.200752632   15.978290828
    3.673304945  -72.186723544   -8.345799892
    3.680375222  -72.237348722   -3.586075755
    3.687445498  -72.199038275   12.212534159
    3.694515775  -72.101022458   10.388676278
    3.701586051  -72.109631366  -17.099406103
    3.708656328  -72.341764643  -48.791586219
    3.715726604  -72.726601981  -55.127094144
    3.722796881  -73.044131322  -32.625621686
    3.729867157  -73.148440928    1.763602114
    3.736937434  -73.047347658   21.835527142
    3.744007710  -72.884660740   20.189848830
    3.751077987  -72.785497682    5.782587884
    3.758148263  -72.790069653   -7.372278299
    3.765218540  -72.861322185  -12.496189025
    3.772288816  -72.939667743  -10.443513052
    3.779359093  -72.985909112   -3.429128884
    3.786429369  -72.978957701    4.844581419
    3.793499646  -72.926335299    7.692588807
    3.800569922  -72.884371170    0.112694840
    3.807640199  -72.929478352  -14.668668878
    3.814710475  -73.070390199  -23.273383757
    3.821780752  -73.192667169   -7.552578396
    3.828851028  -73.106566850   33.757690991
    3.835921305  -72.712132893   73.606916328
    3.842991581  -72.156453351   72.325500765
    3.850061857  -71.809517085   16.987075821
    3.857132134  -71.971420637  -63.850259708
    3.864202410  -72.632787483 -115.141284305
    3.871272687  -73.445116594 -105.483422693
    3.878342963  -74.008927581  -51.253209373
    3.885413240  -74.172376670   -1.783957633
    3.892483516  -74.114061054   10.415092115
    3.899553793  -74.094663751   -7.974231999
    3.906624069  -74.209352993  -22.606474357
    3.913694346  -74.339232114  -11.433453336
    3.920764622  -74.322895842   15.646708740
    3.927834899  -74.132119336   34.563514226
    3.934905175  -73.875165115   35.162537444
    3.941975452  -73.648899319   27.567611118
    3.949045728  -73.464733471   24.331722068
    3.956116005  -73.292188828   21.806966466
    3.963186281  -73.168045377    8.970849434
    3.970256558  -73.185568511  -15.545591421
    3.977326834  -73.383150987  -39.953656849
    3.984397111  -73.704298354  -48.373019772
    3.991467387  -74.014311851  -38.330520764
    3.998537664  -74.208129862  -16.870675800
    4.005607940  -74.236761598    6.920214086
    4.012678217  -74.107719041   27.563852381
    4.019748493  -73.859884888   40.312871683
    4.026818769  -73.561487140   41.399082722
    4.033889046  -73.285254238   33.582507008
    4.040959322  -73.067421420   28.792740089
    4.048029599  -72.835746885   39.705853475
    4.055099875  -72.453040141   70.743734532
    4.062170152  -71.809436302  108.432666249
    4.069240428  -70.948684674  128.668658043
    4.076310705  -70.074966496  110.824520832
    4.083380981  -69.454858451   59.029159187
    4.090451258  -69.238597756    3.438988856
    4.097521534  -69.333602455  -25.000025553
    4.104591811  -69.486315861  -13.061521616
    4.111662087  -69.455331403   22.196188849
    4.118732364  -69.180952789   51.032596764
    4.125802640  -68.793087186   52.862995570
    4.132872917  -68.485362344   29.773895167
    4.139943193  -68.377408266    0.053196060
    4.147013470  -68.452257644  -19.918976928
    4.154083746  -68.609961432  -23.379150949
    4.161154023  -68.751185651  -16.752605794
    4.168224299  -68.841689813  -10.822247429
    4.175294576  -68.919486014  -12.843169927
    4.182364852  -69.041004464  -23.855092200
    4.189435129  -69.251107982  -37.072484076
    4.196505405  -69.536343132  -43.014526864
    4.203575681  -69.823622709  -37.078995752
    4.210645958  -70.029201939  -20.448930536
    4.217716234  -70.106103779   -3.965195536
    4.224786511  -70.103607722    1.271286323
    4.231856787  -70.113536134   -5.884560446
    4.238927064  -70.177153527  -11.283118028
    4.245997340  -70.219646097    1.083827792
    4.253067617  -70.117148749   27.656706359
    4.260137893  -69.857279685   39.548709883
    4.267208170  -69.653947381    9.687160129
    4.274278446  -69.807014538  -58.446067020
    4.281348723  -70.470909275 -126.480378605
    4.288418999  -71.483077372 -151.038334765
    4.295489276  -72.450707990 -114.310282380
    4.302559552  -72.992580060  -36.904025508
    4.309629829  -72.968854447   38.306529006
    4.316700105  -72.542480275   72.909877626
    4.323770382  -72.060773838   54.592837762
    4.330840658  -71.845496471    2.059105468
    4.337910935  -72.013745027  -48.001011245
    4.344981211  -72.434665206  -65.249278140
    4.352051488  -72.845137759  -46.382156760
    4.359121764  -73.045297159  -10.341622511
    4.366192040  -73.003911281   17.348530269
    4.373262317  -72.837629748   24.543812124
    4.380332593  -72.685884537   16.578256703
    4.387402870  -72.603586106    6.384035125
    4.394473146  -72.563714674    5.225045282
    4.401543423  -72.507229415    9.824419808
    4.408613699  -72.427246271    9.290127528
    4.415683976  -72.394254221   -3.141045071
    4.422754252  -72.493587260  -26.020460758
    4.429824529  -72.755992918  -48.429323182
    4.436894805  -73.131886521  -56.350006469
    4.443965082  -73.494100463  -43.608429938
    4.451035358  -73.696405468  -12.269267329
    4.458105635  -73.634337124   29.256127415
    4.465175911  -73.286024142   65.439307430
    4.472246188  -72.754174692   79.462551278
    4.479316464  -72.229215156   63.100493558
    4.486386741  -71.898880682   27.792146457
    4.493457017  -71.822113985   -5.043252655
    4.500527294  -71.915290034  -19.444319172
    4.507597570  -72.041062718  -14.280514615
    4.514667847  -72.095621798   -2.434965180
    4.521738123  -72.069500179    7.263540716
    4.528808400  -71.998786235   10.441597053
    4.535878676  -71.932884024    6.092536681
    4.542948952  -71.913432021   -1.403082703
    4.550019229  -71.924798704   -1.131779699
    4.557089505  -71.866299480   20.877143664
    4.564159782  -71.576532553   62.209068676
    4.571230058  -70.978125410  103.530195937
    4.578300335  -70.160621464  121.223169393
    4.585370611  -69.337913199  103.969609450
    4.592440888  -68.742601703   59.846358240
    4.599511164  -68.512145813    4.358503271
    4.606581441  -68.666210721  -47.173656549
    4.613651717  -69.128912204  -81.441180144
    4.620721994  -69.741637117  -88.137569185
    4.627792270  -70.304274878  -67.446608868
    4.634862547  -70.657147099  -31.740728780
    4.641932823  -70.749698191    1.230678481
    4.649003100  -70.655588534   21.257871573
    4.656073376  -70.479881051   25.812484401
    4.663143653  -70.304144739   22.758039654
    4.670213929  -70.152546807   18.945501977
    4.677284206  -70.035719297   11.158592505
    4.684354482  -70.023718025  -12.257942182
    4.691424759  -70.259628604  -58.870134027
    4.698495035  -70.873604053 -115.396228210
    4.705565312  -71.827555765 -148.140189559
    4.712635588  -72.828786618 -125.628166245
    4.719705864  -73.461652444  -47.637651749
    4.726776141  -73.451741117   47.844171935
    4.733846417  -72.864735981  107.354676194
    4.740916694  -72.079405576  102.448336617
    4.747986970  -71.531521559   45.783141298
    4.755057247  -71.450266590  -21.363888308
    4.762127523  -71.754758110  -58.561513660
    4.769197800  -72.156644065  -47.995246548
    4.776268076  -72.345985736   -3.502650416
    4.783338353  -72.191120576   43.694192312
    4.790408629  -71.794017909   61.320287311
    4.797478906  -71.413640763   37.628207524
    4.804549182  -71.294898256   -6.269588236
    4.811619459  -71.456731083  -35.581638670
    4.818689735  -71.699526212  -27.833010468
    4.825760012  -71.770654109    8.895177980
    4.832830288  -71.573480121   42.030956500
    4.839900565  -71.250814021   41.365119132
    4.846970841  -71.065953251    5.348795567
    4.854041118  -71.185753930  -38.435773925
    4.861111394  -71.532471936  -53.932869722
    4.868181671  -71.834631493  -26.610056233
    4.875251947  -71.841330310   24.580239465
    4.882322224  -71.524287522   57.776050022
    4.889392500  -71.131593314   43.997670254
    4.896462776  -70.986877733   -8.271309231
    4.903533053  -71.224236789  -55.560363164
    4.910603329  -71.655668975  -58.582913652
    4.917673606  -71.930360851  -14.276658356
    4.924743882  -71.823980600   40.756451490
    4.931814159  -71.422434992   64.629573601
    4.938884435  -71.014954262   43.732162964
    4.945954712  -70.850879341    0.805366346
    4.953024988  -70.964972745  -30.373133563
    4.960095265  -71.213894983  -37.482213982
    4.967165541  -71.459571850  -33.630792520
    4.974235818  -71.700029379  -36.878810921
    4.981306094  -72.003540121  -49.847497012
    4.988376371  -72.380511581  -54.673277651
    4.995446647  -72.705455067  -33.983953681
    5.002516924  -72.797080793    7.950901651
    5.009587200  -72.589339109   46.865688326
    5.016657477  -72.203587753   54.978902718
    5.023727753  -71.893116734   27.158923485
    5.030798030  -71.850932479  -17.098383402
    5.037868306  -72.089687000  -47.951719665
    5.044938583  -72.442146987  -46.871628426
    5.052008859  -72.686638148  -20.613453952
    5.059079136  -72.717515761    8.195767237
    5.066149412  -72.610271128   17.158935954
    5.073219688  -72.540039189   -2.830352590
    5.080289965  -72.673926806  -36.502386530
    5.087360241  -73.024951915  -60.380561515
    5.094430518  -73.454268582  -57.179522484
    5.101500794  -73.762439755  -27.910700984
    5.108571071  -73.815798919   11.752727719
    5.115641347  -73.616839259   40.273452264
    5.122711624  -73.299211618   43.285646274
    5.129781900  -73.055142061   21.828711295
    5.136852177  -73.008613407   -9.587969440
    5.143922453  -73.145973425  -26.501614505
    5.150992730  -73.302214829  -13.945485567
    5.158063006  -73.284668579   19.563736534
    5.165133283  -73.038658974   44.774491470
    5.172203559  -72.726451001   36.044845647
    5.179273836  -72.605400079   -6.955327000
    5.186344112  -72.827369930  -55.196237278
    5.193414389  -73.303911222  -73.392834348
    5.200484665  -73.752954785  -47.425589910
    5.207554942  -73.891130132   10.519662104
    5.214625218  -73.587388075   72.334761016
    5.221695495  -72.909674485  113.347235429
    5.228765771  -72.050220180  124.313495736
    5.235836048  -71.195448655  113.757971968
    5.242906324  -70.440048902   98.776936147
    5.249976600  -69.775635148   88.321324556
    5.257046877  -69.183112566   77.584124976
    5.264117153  -68.703754442   53.692773786
    5.271187430  -68.444955024   17.140825379
    5.278257706  -68.448214152  -17.375633939
    5.285327983  -68.626158761  -28.664543400
    5.292398259  -68.774121832  -10.787913884
    5.299468536  -68.734081697   20.939287831
    5.306538812  -68.499491771   40.287449784
    5.313609089  -68.217687707   34.836795974
    5.320679365  -68.033280318   16.099806730
    5.327749642  -67.955077607    8.116128433
    5.334819918  -67.854418112   22.823674797
    5.341890195  -67.603039549   46.461633725
    5.348960471  -67.234418888   51.955487038
    5.356030748  -66.943560630   23.377148653
    5.363101024  -66.944241221  -25.346986373
    5.370171301  -67.264754613  -61.455924203
    5.377241577  -67.705686310  -57.983806013
    5.384311854  -67.976269278  -14.676506047
    5.391382130  -67.887285037   37.077496435
    5.398452407  -67.508099347   63.072909583
    5.405522683  -67.085916058   49.793841515
    5.412592960  -66.846108042   15.909851277
    5.419663236  -66.818338692   -4.483039934
    5.426733512  -66.825007487    6.836025260
    5.433803789  -66.661154437   39.924420421
    5.440874065  -66.274580482   65.572046674
    5.447944342  -65.800861315   62.194867120
    5.455014618  -65.441748676   35.834291555
    5.462084895  -65.286973339    8.614340437
    5.469155171  -65.271517352   -2.057136922
    5.476225448  -65.266272344    3.681433689
    5.483295724  -65.208316611   11.072400620
    5.490366001  -65.125333138   10.403089137
    5.497436277  -65.066086626    5.648095002
    5.504506554  -65.020350692    7.455098546
    5.511576830  -64.933999827   15.760870963
    5.518647107  -64.805542511   16.425524124
    5.525717383  -64.748961489   -4.807600611
    5.532787660  -64.911717687  -44.390114045
    5.539857936  -65.355630320  -79.652449984
    5.546928213  -65.961271809  -86.735890518
    5.553998489  -66.489209061  -58.681239676
    5.561068766  -66.735460671  -10.888893532
    5.568139042  -66.656527546   28.667571461
    5.575209319  -66.399137465   37.774854944
    5.582279595  -66.201826230   12.242557428
    5.589349871  -66.258709809  -31.264806229
    5.596420148  -66.617351870  -67.941090172
    5.603490424  -67.161945201  -81.741299001
    5.610560701  -67.710014160  -71.355643246
    5.617630977  -68.119143530  -43.233092614
    5.624701254  -68.290760339   -4.484753644
    5.631771530  -68.158627564   41.423107859
    5.638841807  -67.696186472   87.108412595
    5.645912083  -66.975387209  109.046237725
    5.652982360  -66.258738694   83.939289040
    5.660052636  -65.893975259   12.882759126
    5.667122913  -66.091030316  -67.074500152
    5.674193189  -66.740651494 -108.454777467
    5.681263466  -67.485282939  -94.171308207
    5.688333742  -67.993935769  -50.197077598
    5.695404019  -68.209545690  -16.181929473
    5.702474295  -68.286762044  -11.607675356
    5.709544572  -68.394687334  -18.771156343
    5.716614848  -68.512806265  -10.658719814
    5.723685125  -68.478663866   20.895208298
    5.730755401  -68.190804539   57.355229903
    5.737825678  -67.723890091   68.008560518
    5.744895954  -67.319851299   39.691723608
    5.751966231  -67.217710142  -13.812660824
    5.759036507  -67.492879409  -62.293988173
    5.766106783  -68.010515794  -79.245011163
    5.773177060  -68.505555464  -56.024405969
    5.780247336  -68.725877142   -4.465219091
    5.787317613  -68.563287490   47.700209956
    5.794387889  -68.116925589   70.599582465
    5.801458166  -67.657244786   50.668559554
    5.808528442  -67.466733650   -0.853999660
    5.815598719  -67.667545832  -54.642514392
    5.822668995  -68.171188262  -83.119557081
    5.829739272  -68.761712329  -79.819678086
    5.836809548  -69.253088479  -58.783093779
    5.843879825  -69.591030476  -39.416224283
    5.850950101  -69.824659082  -29.013692699
    5.858020378  -70.008840092  -24.374320960
    5.865090654  -70.158645509  -19.727319213
    5.872160931  -70.272353777  -13.038554450
    5.879231207  -70.335339762   -6.469952663
    5.886301484  -70.355341436    0.619610902
    5.893371760  -70.322367297    7.710173785
    5.900442037  -70.235875518   15.952790357
    5.907512313  -70.093749136   22.725751594
    5.914582590  -69.909315698   26.791365469
    5.921652866  -69.711762088   27.575651679
    5.928723143  -69.530729218   21.295170485
    5.935793419  -69.427036153    4.578889478
    5.942863695  -69.475846987  -20.198578197
    5.949933972  -69.704462210  -44.605927669
    5.957004248  -70.068958118  -56.472370246
    5.964074525  -70.443677941  -46.483874164
    5.971144801  -70.669997192  -17.179395768
    5.978215078  -70.657490514   18.920182922
    5.985285354  -70.430222329   40.924872912
    5.992355631  -70.141968429   33.902231238
    5.999425907  -70.008683597   -0.241465163
    6.006496184  -70.158670987  -42.517382669
    6.013566460  -70.551771771  -64.726619718
    6.020636737  -70.975420642  -49.971041560
    6.027707013  -71.184795772   -6.813593081
    6.034777290  -71.063658086   36.279908496
    6.041847566  -70.722850585   53.764684811
    6.048917843  -70.375318153   38.091160535
    6.055988119  -70.202556416    9.802247181
    6.063058396  -70.190603340   -2.814492612
    6.070128672  -70.161757992   14.913766828
    6.077198949  -69.924032513   52.256693518
    6.084269225  -69.436896967   80.342431052
    6.091339502  -68.852184588   78.788252746
    6.098409778  -68.382371588   51.003792633
    6.105480055  -68.122762808   22.177186062
    6.112550331  -67.994274734   18.014822442
    6.119620607  -67.800904713   39.100195958
    6.126690884  -67.403909695   72.434006395
    6.133761160  -66.774818079  102.899236829
    6.140831437  -65.972420408  120.412433799
    6.147901713  -65.111091794  118.201156968
    6.154971990  -64.351450833   91.673446718
    6.162042266  -63.854630629   44.669874749
    6.169112543  -63.714683173   -5.032991364
    6.176182819  -63.873916709  -35.695667792
    6.183253096  -64.150634652  -38.567549211
    6.190323372  -64.366205507  -22.811263870
    6.197393649  -64.451054251   -2.805866599
    6.204463925  -64.418087621    9.788133815
    6.211534202  -64.316880085   17.847431500
    6.218604478  -64.161449146   25.022668949
    6.225674755  -63.956469509   31.310014275
    6.232745031  -63.724817434   31.273560447
    6.239815308  -63.526504523   23.116056140
    6.246885584  -63.399524156   11.752256029
    6.253955861  -63.335161894    8.155977796
    6.261026137  -63.252414213   15.624938836
    6.268096414  -63.088656722   29.517651615
    6.275166690  -62.842483636   37.593259571
    6.282236967  -62.585402234   31.621362346
    6.289307243  -62.403370992   18.495964857
    6.296377519  -62.296117693   14.041303365
    6.303447796  -62.157008962   27.200715089
    6.310518072  -61.881823511   49.007483338
    6.317588349  -61.492641496   55.367128504
    6.324658625  -61.166523952   31.333368445
    6.331728902  -61.096844034  -14.051796451
    6.338799178  -61.334648598  -50.018495202
    6.345869455  -61.720345862  -53.327110171
    6.352939731  -62.001884135  -23.235986260
    6.360010008  -62.001307973   23.646759665
    6.367080284  -61.670816076   65.956999252
    6.374150561  -61.098773397   91.775066315
    6.381220837  -60.435384050   89.666244118
    6.388291114  -59.901108813   54.217070113
    6.395361390  -59.722677150   -7.053628353
    6.402431667  -59.997681669  -69.005424999
    6.409501943  -60.612507389  -97.818341763
    6.416572220  -61.263950232  -80.312435866
    6.423642496  -61.672722614  -34.779054318
    6.430712773  -61.762507756    5.255764494
    6.437783049  -61.650678966   21.072104879
    6.444853326  -61.491849110   21.885433071
    6.451923602  -61.319532041   28.827937383
    6.458993879  -61.049569787   48.318549834
    6.466064155  -60.625167625   68.902896685
    6.473134431  -60.104739084   73.857307148
    6.480204708  -59.629627403   56.593925791
    6.487274984  -59.328496319   27.161035195
    6.494345261  -59.228577763    2.074459189
    6.501415537  -59.259712647  -10.044645261
    6.508485814  -59.336959395  -12.328449113
    6.515556090  -59.432886477  -16.996946403
    6.522626367  -59.601742134  -33.243282521
    6.529696643  -59.918069746  -57.503974833
    6.536766920  -60.390629954  -75.220137676
    6.543837196  -60.921192851  -71.384554760
    6.550907473  -61.332035354  -41.254374867
    6.557977749  -61.456859156    7.156821417
    6.565048026  -61.217719989   58.561508398
    6.572118302  -60.655308995   95.361870098
    6.579188579  -59.927099932  105.460556157
    6.586258855  -59.231048010   86.524989095
    6.593329132  -58.742183389   48.402644542
    6.600399408  -58.541245081    8.597128510
    6.607469685  -58.581222112  -17.604972551
    6.614539961  -58.735696703  -23.306587917
    6.621610238  -58.865815341  -12.063692865
    6.628680514  -58.889171656    3.729510811
    6.635750790  -58.823167738   11.935814282
    6.642821067  -58.744165086    7.588730615
    6.649891343  -58.720214699   -3.306359234
    6.656961620  -58.772970093  -11.186020712
    6.664031896  -58.865360595  -15.728185473
    6.671102173  -58.992376381  -22.008033292
    6.678172449  -59.184864834  -33.783662737
    6.685242726  -59.468579360  -46.820335954
    6.692313002  -59.818893874  -50.864778603
    6.699383279  -60.149984503  -41.111606852
    6.706453555  -60.372799588  -22.282295225
    6.713523832  -60.456062238   -3.370730256
    6.720594108  -60.430087245    8.250548411
    6.727664385  -60.353316233   12.014890246
    6.734734661  -60.264169845   13.026366580
    6.741804938  -60.153055273   18.498415664
    6.748875214  -59.969782163   33.953583198
    6.755945491  -59.655400560   53.985200779
    6.763015767  -59.219146105   65.580136022
    6.770086044  -58.778098577   53.623275274
    6.777156320  -58.518753516   15.128524427
    6.784226597  -58.581081424  -33.133823126
    6.791296873  -58.943136306  -64.990656445
    6.798367150  -59.417586692  -64.487990360
    6.805437426  -59.783557561  -37.088672303
    6.812507702  -59.924947344   -4.498857901
    6.819577979  -59.877997972   13.495294621
    6.826648255  -59.772228231   12.530171353
    6.833718532  -59.724634749   -1.023882854
    6.840788808  -59.780427412  -15.150685437
    6.847859085  -59.895660947  -14.533885123
    6.854929361  -59.920296673   11.914956107
    6.861999638  -59.662034738   63.420151278
    6.869069914  -59.010358500  118.079939511
    6.876140191  -58.055712104  143.326853211
    6.883210467  -57.088545896  120.318896570
    6.890280744  -56.428930274   62.344609268
    6.897351020  -56.203707184    3.737921867
    6.904421297  -56.295847774  -24.513718623
    6.911491573  -56.457899896  -17.784830763
    6.918561850  -56.509345275    1.543829144
    6.925632126  -56.457090506    9.010881769
    6.932702403  -56.426102432   -3.741523752
    6.939772679  -56.520998358  -23.620402741
    6.946842956  -56.721595476  -31.379777745
    6.953913232  -56.907841179  -18.828843162
    6.960983509  -56.949813913    7.160726284
    6.968053785  -56.794159182   35.393583204
    6.975124062  -56.463832293   55.550422867
    6.982194338  -56.030101925   63.394139679
    6.989264614  -55.592329686   57.179843010
    6.996334891  -55.245036718   38.375535265
    7.003405167  -55.051048996   16.164725047
    7.010475444  -54.998640298    0.215460853
    7.017545720  -55.017549264   -4.633782728
    7.024615997  -55.044125755   -3.463072879
    7.031686273  -55.065321701   -4.285105504
    7.038756550  -55.106958704   -8.650588157
    7.045826826  -55.173048519   -9.747576287
    7.052897103  -55.214688575   -1.140553291
    7.059967379  -55.162587673   15.395472077
    7.067037656  -54.997670343   28.187302613
    7.074107932  -54.792846544   25.527348207
    7.081178209  -54.678671991    3.407951196
    7.088248485  -54.761736095  -27.276818607
    7.095318762  -55.032966511  -46.126234310
    7.102389038  -55.332063159  -33.582627720
    7.109459315  -55.420800199   12.359702401
    7.116529591  -55.123996614   69.876463082
    7.123599868  -54.478770703  105.366723830
    7.130670144  -53.741409549   93.834110635
    7.137740421  -53.252527583   37.238953508
    7.144810697  -53.233816685  -31.126740834
    7.151880974  -53.622662016  -72.445333706
    7.158951250  -54.128413432  -62.728281008
    7.166021526  -54.395653680   -7.662025809
    7.173091803  -54.195814765   62.849123841
    7.180162079  -53.538410993  117.252834154
    7.187232356  -52.617324126  135.770155576
    7.194302632  -51.704825806  115.713872998
    7.201372909  -51.035298797   69.381379962
    7.208443185  -50.719931675   20.932546176
    7.215513462  -50.682771757   -6.002929918
    7.222583738  -50.711277634    3.388535073
    7.229654015  -50.566144079   39.708214874
    7.236724291  -50.148917620   73.746884138
    7.243794568  -49.590497394   75.930141774
    7.250864844  -49.162386095   39.141417574
    7.257935121  -49.072730591  -15.084396114
    7.265005397  -49.326419624  -51.952354378
    7.272075674  -49.718632687  -54.402447415
    7.279145950  -50.028105773  -32.065031308
    7.286216227  -50.167888335  -10.425882768
    7.293286503  -50.217926048   -7.327524488
    7.300356780  -50.313433734  -22.573927031
    7.307427056  -50.542009420  -42.492187171
    7.314497333  -50.897231245  -57.385071296
    7.321567609  -51.324432122  -62.664622652
    7.328637886  -51.752865030  -57.477979859
    7.335708162  -52.109501614  -42.186432956
    7.342778438  -52.333108336  -21.748266443
    7.349848715  -52.416298441   -3.651938822
    7.356918991  -52.397827021    6.560052057
    7.363989268  -52.328563761   12.618144970
    7.371059544  -52.200203673   24.470620394
    7.378129821  -51.954333467   45.141185165
    7.385200097  -51.562793153   63.163059791
    7.392270374  -51.098589583   63.649934461
    7.399340650  -50.702383504   45.450023063
    7.406410927  -50.447675672   27.860814762
    7.413481203  -50.244584657   33.828442825
    7.420551480  -49.893541727   68.617445802
    7.427621756  -49.248800986  111.267363177
    7.434692033  -48.365290845  132.106177534
    7.441762309  -47.472280557  112.981187302
    7.448832586  -46.837383476   63.402974246
    7.455902862  -46.582751376    9.474392404
    7.462973139  -46.643197748  -24.338540245
    7.470043415  -46.852108669  -31.023840047
    7.477113692  -47.042786376  -21.925233805
    7.484183968  -47.146655267   -8.044406109
    7.491254245  -47.146009666    8.335406513
    7.498324521  -47.004360967   32.772390620
    7.505394798  -46.651530935   67.264483087
    7.512465074  -46.040023973  104.050054991
    7.519535350  -45.213545552  125.393955040
    7.526605627  -44.334449848  116.923852155
    7.533675903  -43.625868290   79.187942210
    7.540746180  -43.252823591   24.285404394
    7.547816456  -43.273990285  -30.885972680
    7.554886733  -43.655601032  -75.252982119
    7.561957009  -44.305389308 -106.869598052
    7.569027286  -45.124663748 -122.125390042
    7.576097562  -45.976871052 -115.191763060
    7.583167839  -46.684704690  -81.226428262
    7.590238115  -47.066350860  -24.785566703
    7.597308392  -47.014650309   37.775252207
    7.604378668  -46.572863321   81.673537985
    7.611448945  -45.942156594   89.745390480
    7.618519221  -45.385592150   62.385673078
    7.625589498  -45.086726010   22.214937110
    7.632659774  -45.029505791   -2.339590996
    7.639730051  -45.039537464    3.547656477
    7.646800327  -44.928478017   27.988406765
    7.653870604  -44.657457706   43.592422420
    7.660940880  -44.366349313   33.609553826
    7.668011157  -44.226120427    2.999313975
    7.675081433  -44.309294747  -24.645715644
    7.682151710  -44.520581177  -32.263221071
    7.689221986  -44.704967306  -17.857019271
    7.696292262  -44.741038591    7.948239576
    7.703362539  -44.591661618   32.813998095
    7.710432815  -44.295205036   48.347525151
    7.717503092  -43.945941171   46.891681210
    7.724573368  -43.675322598   25.821551207
    7.731643645  -43.602408860   -6.575323042
    7.738713921  -43.740922024  -29.685118331
    7.745784198  -43.951314900  -24.163511234
    7.752854474  -44.010507468    9.898977993
    7.759924751  -43.794879053   49.139119501
    7.766995027  -43.376557086   62.104183031
    7.774065304  -43.000038638   38.377325787
    7.781135580  -42.879052761   -5.642146290
    7.788205857  -43.047970678  -38.737381321
    7.795276133  -43.344020939  -40.462446495
    7.802346410  -43.548896165  -15.966995864
    7.809416686  -43.555799131   11.895585221
    7.816486963  -43.418429845   22.610937863
    7.823557239  -43.283401495   12.317819831
    7.830627516  -43.266745676   -9.139722040
    7.837697792  -43.396791847  -26.468211641
    7.844768069  -43.602389438  -29.612297917
    7.851838345  -43.770993366  -15.981215116
    7.858908621  -43.789666861   11.806587262
    7.865978898  -43.579487265   47.487189843
    7.873049174  -43.122095310   80.422958909
    7.880119451  -42.475059150   97.156463790
    7.887189727  -41.797746194   89.329042881
    7.894260004  -41.267431507   56.839982136
    7.901330280  -41.009434668   16.639653005
    7.908400557  -40.986105063   -6.727988756
    7.915470833  -41.010548210    5.723116974
    7.922541110  -40.833207983   47.020576591
    7.929611386  -40.330528821   92.495259206
    7.936681663  -39.575995589  114.577408246
    7.943751939  -38.786687001  102.212001010
    7.950822216  -38.182434702   65.481262584
    7.957892492  -37.864451368   24.543751037
    7.964962769  -37.804559174   -5.991863135
    7.972033045  -37.922688983  -27.435389798
    7.979103322  -38.182792937  -46.712693373
    7.986173598  -38.582233422  -65.991106622
    7.993243875  -39.094202076  -77.188850677
    8.000314151  -39.622404602  -69.978820121
    8.007384428  -40.039104898  -46.876630305
    8.014454704  -40.276663739  -22.214357503
    8.021524981  -40.370579567   -7.361168280
    8.028595257  -40.400615392   -2.771611076
    8.035665533  -40.409145577    0.085305785
    8.042735810  -40.383611971    7.923790764
    8.049806086  -40.285841902   18.793359952
    8.056876363  -40.108469131   30.888750505
    8.063946639  -39.845974831   43.496539121
    8.071016916  -39.483031758   58.742833818
    8.078087192  -39.008799798   73.869115250
    8.085157469  -38.464314578   76.310698120
    8.092227745  -37.981918427   55.342666599
    8.099298022  -37.723644781   15.265123493
    8.106368298  -37.753741627  -21.176863882
    8.113438575  -37.949993503  -28.790865064
    8.120508851  -38.063743687    0.583878212
    8.127579128  -37.893153532   47.485899560
    8.134649404  -37.429940014   77.955322829
    8.141719681  -36.872568641   72.931936470
    8.148789957  -36.462418571   39.974994157
    8.155860234  -36.311057993    3.715582050
    8.162930510  -36.358759601  -13.964177631
    8.170000787  -36.453681007  -10.805453714
    8.177071063  -36.493783421   -1.610026694
    8.184141340  -36.496405167   -2.012058930
    8.191211616  -36.547943812  -14.358652806
    8.198281893  -36.692645092  -24.684184264
    8.205352169  -36.844037706  -15.257001464
    8.212422445  -36.834470381   21.212251672
    8.219492722  -36.513495816   68.821325555
    8.226562998  -35.893603012  101.203222290
    8.233633275  -35.165292135   96.952441835
    8.240703551  -34.609677184   54.466057470
    8.247773828  -34.439719825   -7.790873828
    8.254844104  -34.689836140  -60.185802609
    8.261914381  -35.191658800  -74.612699903
    8.268984657  -35.630244365  -42.337917629
    8.276054934  -35.716844907   19.694868652
    8.283125210  -35.354720500   78.680753461
    8.290195487  -34.686824222  101.532441555
    8.297265763  -34.021067142   79.021711464
    8.304336040  -33.630436765   28.518713408
    8.311406316  -33.603682221  -18.169603383
    8.318476593  -33.816119332  -36.569091298
    8.325546869  -34.032940019  -20.441411222
    8.332617146  -34.042215472   19.942061235
    8.339687422  -33.740219627   64.371556585
    8.346757699  -33.157260230   97.042601198
    8.353827975  -32.404631223  112.500659517
    8.360898252  -31.594571068  113.870880918
    8.367968528  -30.806445327  107.373113727
    8.375038805  -30.093891854   92.104575920
    8.382109081  -29.537110846   62.354479211
    8.389179357  -29.251217478   15.748690864
    8.396249634  -29.323528074  -36.104004763
    8.403319910  -29.711968349  -69.435984526
    8.410390187  -30.207603532  -63.591080817
    8.417460463  -30.516811454  -19.829166870
    8.424530740  -30.456247181   34.622569287
    8.431601016  -30.092403291   60.572134314
    8.438671293  -29.726800795   32.893336883
    8.445741569  -29.725810017  -37.894138659
    8.452811846  -30.277125438 -116.395528750
    8.459882122  -31.293294970 -164.050170918
    8.466952399  -32.478481621 -163.461853317
    8.474022675  -33.501559217 -120.522308684
    8.481092952  -34.132924392  -56.699931089
    8.488163228  -34.309587996    3.136747711
    8.495233505  -34.145012607   37.129055072
    8.502303781  -33.878859356   30.101123791
    8.509374058  -33.795833667  -11.325866619
    8.516444334  -34.049584584  -58.127564695
    8.523514611  -34.532279104  -69.907355469
    8.530584887  -34.886952842  -20.034188887
    8.537655164  -34.684200586   83.061428355
    8.544725440  -33.681202030  197.555063124
    8.551795717  -31.984308851  271.420736896
    8.558865993  -30.019508285  270.128942555
    8.565936269  -28.330414611  197.571174465
    8.573006546  -27.303571818   89.780020780
    8.580076822  -27.020362669   -4.632068954
    8.587147099  -27.269065790  -59.110937043
    8.594217375  -27.766440575  -77.748157376
    8.601287652  -28.342396848  -85.883431488
    8.608357928  -28.994367311 -100.764604693
    8.615428205  -29.769235456 -118.002077574
    8.622498481  -30.622487857 -119.813062494
    8.629568758  -31.398167322  -95.994959694
    8.636639034  -31.926656268  -51.657543903
    8.643709311  -32.117990163   -4.040900967
    8.650779587  -32.007613319   32.409144900
    8.657849864  -31.702867944   50.855343347
    8.664920140  -31.328820859   51.878557658
    8.671990417  -30.996827030   39.492556216
    8.679060693  -30.783116784   19.783933569
    8.686130970  -30.713065409    0.777007323
    8.693201246  -30.748265073   -8.814537377
    8.700271523  -30.798939356   -3.577862569
    8.707341799  -30.775001672    9.786750607
    8.714412076  -30.675181871   14.862054413
    8.721482352  -30.622553586   -5.340151136
    8.728552629  -30.810601327  -51.038491183
    8.735622905  -31.351593302 -101.094164314
    8.742693181  -32.175031167 -125.784547531
    8.749763458  -33.034299513 -111.477438456
    8.756833734  -33.683762776  -71.408520502
    8.763904011  -34.053084989  -37.782043178
    8.770974287  -34.296035588  -37.521735705
    8.778044564  -34.666537322  -72.429616524
    8.785114840  -35.338578960 -116.526686874
    8.792185117  -36.257444125 -137.892658854
    8.799255393  -37.180508898 -116.410466269
    8.806325670  -37.801493914  -54.319723808
    8.813395946  -37.903475745   25.753511676
    8.820466223  -37.461114357   94.711021170
    8.827536499  -36.645167737  128.143814714
    8.834606776  -35.754290903  115.698209013
    8.841677052  -35.097321538   64.271819648
    8.848747329  -34.880172214   -3.861331856
    8.855817605  -35.130972818  -64.460622935
    8.862887882  -35.723702575  -97.957321542
    8.869958158  -36.427497335  -95.489994547
    8.877028435  -36.989930292  -59.259138162
    8.884098711  -37.216456525   -3.962217633
    8.891168988  -37.053524100   45.717265677
    8.898239264  -36.632808261   67.036839038
    8.905309540  -36.195096679   50.255726705
    8.912379817  -35.971929125    9.736868384
    8.919450093  -36.048347667  -29.549175274
    8.926520370  -36.345360171  -51.228386594
    8.933590646  -36.723186508  -53.520678204
    8.940660923  -37.070162179  -44.171312485
    8.947731199  -37.329953972  -28.928252286
    8.954801476  -37.463656910   -8.167297109
    8.961871752  -37.430162848   16.202903444
    8.968942029  -37.233688093   37.491440367
    8.976012305  -36.939092428   40.593305908
    8.983082582  -36.705940685   20.917324405
    8.990152858  -36.679348775  -14.597688682
    8.997223135  -36.903507530  -46.399007099
    9.004293411  -37.280064928  -56.347816641
    9.011363688  -37.627523071  -39.230529456
    9.018433964  -37.791271368   -6.627774227
    9.025504241  -37.726411346   22.229126932
    9.032574517  -37.515882458   33.444601582
    9.039644794  -37.297513324   24.116112940
    9.046715070  -37.197899811    2.281613339
    9.053785347  -37.257103082  -18.241287630
    9.060855623  -37.416176178  -23.926643545
    9.067925900  -37.544513792   -9.862734411
    9.074996176  -37.523404866   15.573833992
    9.082066452  -37.336173544   34.967969226
    9.089136729  -37.076009367   33.785828483
    9.096207005  -36.896423474   13.265989941
    9.103277282  -36.894528332  -12.503409456
    9.110347558  -37.045940641  -28.354818835
    9.117417835  -37.252751169  -28.418612453
    9.124488111  -37.424479237  -20.171959831
    9.131558388  -37.540810916  -13.793553628
    9.138628664  -37.630759697  -12.969299444
    9.145698941  -37.729154278  -15.880678579
    9.152769217  -37.860211308  -22.585351223
    9.159839494  -38.061641072  -36.396475636
    9.166909770  -38.388036485  -57.332152311
    9.173980047  -38.855952974  -73.540997232
    9.181050323  -39.366924935  -66.738262072
    9.188120600  -39.718827557  -27.861308228
    9.195190876  -39.706192444   32.157702556
    9.202261153  -39.260729339   90.590789307
    9.209331429  -38.472367589  127.230169729
    9.216401706  -37.520364235  138.199968333
    9.223471982  -36.553448261  132.363396328
    9.230542259  -35.651982990  121.141759874
    9.237612535  -34.845780810  105.643343732
    9.244682812  -34.177887750   80.135887990
    9.251753088  -33.728189241   45.765403660
    9.258823364  -33.522881063   14.641189489
    9.265893641  -33.465509586    5.679677652
    9.272963917  -33.356234668   29.540667069
    9.280034194  -32.989437032   75.250259269
    9.287104470  -32.297315779  117.266700139
    9.294174747  -31.386007032  134.589627495
    9.301245023  -30.445423706  128.250749606
    9.308315300  -29.576214774  119.235619512
    9.315385576  -28.694540829  135.562017924
    9.322455853  -27.551206023  194.188211699
    9.329526129  -25.850591008  291.355713682
    9.336596406  -23.389480865  404.312176181
    9.343666682  -20.164305014  502.664260978
    9.350736959  -16.382241586  557.103827456
    9.357807235  -12.422339994  551.824789896
    9.364877512   -8.712936532  488.217780021
    9.371947788   -5.607170630  385.109903936
    9.379018065   -3.288579390  270.436168702
    9.386088341   -1.747846309  168.783820611
    9.393158618   -0.836707686   93.228875890
    9.400228894   -0.358783022   45.418193099
    9.407299171   -0.137717651   19.589929839
    9.414369447   -0.046661755    7.364734133
    9.421439724   -0.013016966    2.235359656
    9.428510000   -0.003235521    0.605452285
