#! FIELDS F399_dist file.free der_F399_dist
#! SET min_F399_dist 0.350275
#! SET max_F399_dist 9.42851
#! SET nbins_F399_dist  1285
#! SET periodic_F399_dist false
    0.350275000   -0.005976289   -1.087831979
    0.357345276   -0.021993922   -3.683122076
    0.364415553   -0.069859629  -10.642509263
    0.371485829   -0.195920774  -26.863051554
    0.378556106   -0.490039014  -59.792617460
    0.385626382   -1.102807929 -118.473933885
    0.392696659   -2.244331468 -209.849509876
    0.399766935   -4.146840290 -332.608938466
    0.406837212   -6.991078005 -472.536026502
    0.413907488  -10.805474971 -601.468324757
    0.420977765  -15.389959846 -684.744670986
    0.428048041  -20.318101562 -696.037412448
    0.435118318  -25.059507061 -634.264577981
    0.442188594  -29.187231641 -529.688093712
    0.449258871  -32.567458871 -431.295768620
    0.456329147  -35.402748474 -380.070015682
    0.463399424  -38.082998816 -386.070304490
    0.470469700  -40.951507424 -428.348526774
    0.477539977  -44.155776026 -476.644527233
    0.484610253  -47.667503118 -514.390430195
    0.491680530  -51.417741597 -545.586866320
    0.498750806  -55.398129302 -581.382081704
    0.505821083  -59.658053677 -624.424645761
    0.512891359  -64.209074844 -659.433497428
    0.519961636  -68.910464666 -663.953271972
    0.527031912  -73.479327956 -620.469286686
    0.534102188  -77.580504394 -534.182919070
    0.541172465  -80.990051410 -430.807358866
    0.548242741  -83.711309436 -343.816819616
    0.555313018  -85.936929893 -292.921636199
    0.562383294  -87.927351319 -274.322783000
    0.569453571  -89.849417497 -270.395734559
    0.576523847  -91.732226873 -260.939587707
    0.583594124  -93.489460390 -233.064408713
    0.590664400  -94.968826872 -182.230228760
    0.597734677  -96.007120930 -109.398364748
    0.604804953  -96.483922020  -25.991801263
    0.611875230  -96.388788833   48.816932516
    0.618945506  -95.851078342   96.152536960
    0.626015783  -95.090950799  112.968439682
    0.633086059  -94.288784899  111.615370571
    0.640156336  -93.501808193  111.269119424
    0.647226612  -92.681819255  121.283945992
    0.654296889  -91.771786259  133.913147026
    0.661367165  -90.794341032  139.125797591
    0.668437442  -89.810830328  137.112190485
    0.675507718  -88.830720157  140.861411805
    0.682577995  -87.759378044  163.638533596
    0.689648271  -86.470091133  200.968975327
    0.696718548  -84.923215138  230.694370259
    0.703788824  -83.255842360  234.897745050
    0.710859100  -81.664364723  209.983622101
    0.717929377  -80.303914845  173.593282257
    0.724999653  -79.182978841  143.871837098
    0.732069930  -78.223178807  127.047932418
    0.739140206  -77.378931734  108.577506015
    0.746210483  -76.733227518   67.337692374
    0.753280759  -76.498181686   -7.273826414
    0.760351036  -76.880910020 -103.764264163
    0.767421312  -77.933403246 -191.737968662
    0.774491589  -79.489840248 -242.302048001
    0.781561865  -81.249556433 -250.682908937
    0.788632142  -82.964429455 -233.276006552
    0.795702418  -84.539514156 -215.033263099
    0.802772695  -86.017404835 -205.762972686
    0.809842971  -87.456545676 -202.192932093
    0.816913248  -88.865601563 -197.149892671
    0.823983524  -90.228246007 -189.397263206
    0.831053801  -91.534672205 -180.338279444
    0.838124077  -92.755862837 -163.942819596
    0.845194354  -93.795958421 -126.348993565
    0.852264630  -94.485992168  -67.511814431
    0.859334907  -94.731783980   -5.655151501
    0.866405183  -94.621529193   29.226449520
    0.873475460  -94.403964125   24.623092759
    0.880545736  -94.320626401   -3.167190217
    0.887616012  -94.419359796  -22.901680762
    0.894686289  -94.566578397  -13.905092501
    0.901756565  -94.556443706   17.095217871
    0.908826842  -94.300847076   53.837498523
    0.915897118  -93.811505950   81.587179241
    0.922967395  -93.161240595   99.295601909
    0.930037671  -92.408433772  109.901176959
    0.937107948  -91.612898467  112.178102262
    0.944178224  -90.847198309  100.033450614
    0.951248501  -90.217102552   74.884883901
    0.958318777  -89.798083472   41.321623600
    0.965389054  -89.618683743   10.318250361
    0.972459330  -89.620906032  -10.212447452
    0.979529607  -89.708505504  -13.392753141
    0.986599883  -89.762014295   -1.086915704
    0.993670160  -89.704699779   15.199472986
    1.000740436  -89.559978052   22.147389203
    1.007810713  -89.426960536   10.455952351
    1.014880989  -89.436176758  -17.378108378
    1.021951266  -89.674077731  -50.014875211
    1.029021542  -90.114385997  -72.854136333
    1.036091819  -90.632989772  -70.362910417
    1.043162095  -91.034735496  -41.792153224
    1.050232371  -91.179627276    0.034077497
    1.057302648  -91.058594786   29.177633680
    1.064372924  -90.815623734   34.487599774
    1.071443201  -90.594038268   26.079538299
    1.078513477  -90.416680090   25.147576340
    1.085583754  -90.192346622   38.280673134
    1.092654030  -89.872039199   49.159845635
    1.099724307  -89.549556343   35.410611383
    1.106794583  -89.422663934   -4.024025515
    1.113864860  -89.604044255  -46.552120331
    1.120935136  -90.005030993  -62.371632989
    1.128005413  -90.374276501  -36.725901871
    1.135075689  -90.442749820   18.136396398
    1.142145966  -90.105393926   72.939062547
    1.149216242  -89.474579447   97.610619181
    1.156286519  -88.820928776   79.223984420
    1.163356795  -88.412865742   32.288192493
    1.170427072  -88.341595291  -10.901778937
    1.177497348  -88.479442465  -22.416040621
    1.184567625  -88.566076168    0.996484170
    1.191637901  -88.407626490   43.553321750
    1.198708178  -87.951082181   82.578201500
    1.205778454  -87.265509541  106.571998236
    1.212848731  -86.463524142  117.327957183
    1.219919007  -85.625072331  116.370003036
    1.226989283  -84.835097813  103.441208059
    1.234059560  -84.175756944   80.209071562
    1.241129836  -83.688870952   57.608081523
    1.248200113  -83.311383145   52.148891309
    1.255270389  -82.881506340   72.409078215
    1.262340666  -82.232508878  110.789924820
    1.269410942  -81.309681251  146.391492362
    1.276481219  -80.211612672  157.181198788
    1.283551495  -79.148662111  137.543138828
    1.290621772  -78.309877454   96.486134741
    1.297692048  -77.789013222   48.687613901
    1.304762325  -77.603807422    1.868830344
    1.311832601  -77.756087311  -45.915275141
    1.318902878  -78.252803913  -95.492645950
    1.325973154  -79.066905485 -133.298151404
    1.333043431  -80.050484859 -139.520146183
    1.340113707  -80.945465830 -110.342305687
    1.347183984  -81.559870319  -64.502318860
    1.354254260  -81.891510245  -36.716414146
    1.361324537  -82.160579395  -46.959179943
    1.368394813  -82.616964345  -84.859802823
    1.375465090  -83.335498556 -115.307155458
    1.382535366  -84.150662042 -109.324715844
    1.389605643  -84.793561414  -70.581885766
    1.396675919  -85.137117535  -30.601738610
    1.403746195  -85.291522490  -20.152934158
    1.410816472  -85.488128323  -39.396995320
    1.417886748  -85.849942228  -62.254485747
    1.424957025  -86.295427181  -59.963028785
    1.432027301  -86.624800348  -30.855864666
    1.439097578  -86.708215638    4.236630397
    1.446167854  -86.594996027   22.676460489
    1.453238131  -86.436474771   17.968956654
    1.460308407  -86.361514023    2.523768617
    1.467378684  -86.375860392   -5.943941161
    1.474448960  -86.392152346    1.814819375
    1.481519237  -86.307119905   22.207797353
    1.488589513  -86.074582824   41.269401012
    1.495659790  -85.747272744   47.355554974
    1.502730066  -85.437442439   35.991040515
    1.509800343  -85.251440969   14.138599617
    1.516870619  -85.219569677   -5.027291005
    1.523940896  -85.280613509  -11.480828395
    1.531011172  -85.342737158   -6.519616984
    1.538081449  -85.366428884   -2.894528240
    1.545151725  -85.420117153  -17.952737880
    1.552222002  -85.660575073  -54.824180949
    1.559292278  -86.206758349  -99.934113768
    1.566362555  -87.024839065 -127.898584899
    1.573432831  -87.912876740 -117.981732914
    1.580503107  -88.593940808  -71.746211582
    1.587573384  -88.895864430  -15.435858992
    1.594643660  -88.854571284   20.127553267
    1.601713937  -88.670324152   26.432440838
    1.608784213  -88.510378696   16.666877963
    1.615854490  -88.407110069   13.566134715
    1.622924766  -88.279144840   22.702116829
    1.629995043  -88.076408562   31.776360014
    1.637065319  -87.854707485   26.932250880
    1.644135596  -87.715137351   10.493952282
    1.651205872  -87.691860032   -3.587302366
    1.658276149  -87.722837315   -3.932404739
    1.665346425  -87.710734443    6.434954952
    1.672416702  -87.612718318   20.233340158
    1.679486978  -87.424393724   31.313498130
    1.686557255  -87.162903430   41.226566274
    1.693627531  -86.836834685   48.220122722
    1.700697808  -86.483517142   49.041283797
    1.707768084  -86.162138937   37.792835659
    1.714838361  -85.957672989   17.302226991
    1.721908637  -85.921637496   -8.310928185
    1.728978914  -86.059954422  -30.214328222
    1.736049190  -86.318866594  -43.838125215
    1.743119467  -86.638954620  -46.195959475
    1.750189743  -86.954483474  -43.407724268
    1.757260019  -87.245386036  -40.873745593
    1.764330296  -87.519264036  -37.548269922
    1.771400572  -87.748332775  -26.836083748
    1.778470849  -87.856987981   -3.662888377
    1.785541125  -87.774323002   25.782075700
    1.792611402  -87.509067003   44.389830817
    1.799681678  -87.187909889   41.455468885
    1.806751955  -86.947617724   25.657865467
    1.813822231  -86.794397178   19.622065744
    1.820892508  -86.593065964   40.663827885
    1.827962784  -86.167008262   79.177193376
    1.835033061  -85.480403733  111.118888012
    1.842103337  -84.649960131  117.704445026
    1.849173614  -83.852164845  104.861496204
    1.856243890  -83.165206182   89.182817755
    1.863314167  -82.565982932   79.653992026
    1.870384443  -82.024801365   70.479048928
    1.877454720  -81.579663865   53.172192900
    1.884524996  -81.284006908   29.078778687
    1.891595273  -81.142114465   12.543856632
    1.898665549  -81.057971390   12.981729389
    1.905735826  -80.917713790   26.047838673
    1.912806102  -80.681318894   37.758444254
    1.919876379  -80.407257597   36.302424512
    1.926946655  -80.194491473   20.855737329
    1.934016931  -80.115098032    1.222710246
    1.941087208  -80.156308860  -12.492208511
    1.948157484  -80.255340137  -16.264496477
    1.955227761  -80.348858633   -9.749271934
    1.962298037  -80.378982253    0.531236065
    1.969368314  -80.333731580    9.945582462
    1.976438590  -80.246018247   10.792572542
    1.983508867  -80.215560219   -6.783990194
    1.990579143  -80.393769196  -47.991338988
    1.997649420  -80.916085351 -101.529714736
    2.004719696  -81.796298631 -145.270413428
    2.011789973  -82.890345874 -159.743836657
    2.018860249  -83.965936628 -141.100760217
    2.025930526  -84.828407880 -102.208307522
    2.033000802  -85.403130054  -62.833726199
    2.040071079  -85.744703387  -37.591388676
    2.047141355  -85.964958415  -27.899205879
    2.054211632  -86.148700679  -26.151037999
    2.061281908  -86.321210326  -23.924438683
    2.068352185  -86.476094280  -21.319512871
    2.075422461  -86.637923635  -27.629544872
    2.082492738  -86.882789522  -43.505618788
    2.089563014  -87.236516268  -55.369822264
    2.096633290  -87.599732243  -43.670885073
    2.103703567  -87.785634717   -7.236818215
    2.110773843  -87.687814415   30.718319073
    2.117844120  -87.404273461   42.237604267
    2.124914396  -87.160026139   20.607413597
    2.131984673  -87.133895851  -14.236021645
    2.139054949  -87.335845086  -41.501838280
    2.146125226  -87.687974570  -58.481902541
    2.153195502  -88.150382680  -75.073444003
    2.160265779  -88.739005249  -91.804592998
    2.167336055  -89.405314322  -92.863509085
    2.174406332  -89.968810100  -62.866918099
    2.181476608  -90.214563132   -5.680400495
    2.188546885  -90.039214107   50.586366609
    2.195617161  -89.555163362   79.066865691
    2.202687438  -88.992615424   73.475126139
    2.209757714  -88.556977331   46.503287542
    2.216827991  -88.341149682   13.519546497
    2.223898267  -88.347957220  -17.067745367
    2.230968544  -88.552252830  -40.644050904
    2.238038820  -88.895513183  -55.469472668
    2.245109097  -89.300385289  -57.533822770
    2.252179373  -89.664454270  -44.597022524
    2.259249650  -89.888663923  -19.612363690
    2.266319926  -89.915455444   10.457191827
    2.273390202  -89.741078847   36.339600733
    2.280460479  -89.425535384   49.226033848
    2.287530755  -89.077638483   45.235734393
    2.294601032  -88.808240636   28.308912001
    2.301671308  -88.671894281   10.324547982
    2.308741585  -88.625575178    4.238871073
    2.315811861  -88.554184433   18.090270330
    2.322882138  -88.322391247   47.125405994
    2.329952414  -87.869523094   79.039923980
    2.337022691  -87.224598638   98.090073737
    2.344092967  -86.517347081   97.553224839
    2.351163244  -85.873559327   82.396153673
    2.358233520  -85.346681989   65.923935760
    2.365303797  -84.896913567   62.182216071
    2.372374073  -84.428044219   70.801329785
    2.379444350  -83.895588614   76.304781326
    2.386514626  -83.384068944   62.893549003
    2.393584903  -83.050079069   27.360357577
    2.400655179  -83.010895005  -16.990043305
    2.407725456  -83.251002858  -49.563779724
    2.414795732  -83.640977738  -57.598340516
    2.421866009  -84.013089554  -47.031072196
    2.428936285  -84.290352277  -33.798821454
    2.436006562  -84.504319817  -29.378278366
    2.443076838  -84.716780548  -31.962647420
    2.450147114  -84.925443023  -25.730013309
    2.457217391  -85.015353341    2.349882474
    2.464287667  -84.844748340   45.561687689
    2.471357944  -84.391509702   76.485605848
    2.478428220  -83.842667256   69.977810135
    2.485498497  -83.487543695   24.977998816
    2.492568773  -83.502931193  -29.419011824
    2.499639050  -83.826631691  -56.286626173
    2.506709326  -84.193227473  -43.300572280
    2.513779603  -84.370335248   -7.120160409
    2.520849879  -84.302310758   21.987097490
    2.527920156  -84.111698954   26.607101821
    2.534990432  -83.968628319   10.115767723
    2.542060709  -83.971615463  -11.963705925
    2.549130985  -84.112801254  -27.606657043
    2.556201262  -84.317098723  -28.635078226
    2.563271538  -84.470953311  -13.970010447
    2.570341815  -84.480481945   11.155807114
    2.577412091  -84.316410035   32.629869167
    2.584482368  -84.054989120   35.872101808
    2.591552644  -83.850351076   16.305108405
    2.598622921  -83.842050373  -15.892628572
    2.605693197  -84.053474412  -42.327318761
    2.612763474  -84.377031267  -46.094259721
    2.619833750  -84.627480619  -23.024245913
    2.626904026  -84.648867337   16.411129959
    2.633974303  -84.394092557   53.112228921
    2.641044579  -83.937435801   71.455189282
    2.648114856  -83.428531786   66.155240399
    2.655185132  -83.027729208   43.352881887
    2.662255409  -82.827375244   11.918123097
    2.669325685  -82.843303679  -16.097078898
    2.676395962  -83.004868001  -27.156586351
    2.683466238  -83.160215889  -14.603756167
    2.690536515  -83.151237128   18.915963464
    2.697606791  -82.874776594   56.716607304
    2.704677068  -82.374101389   79.310093565
    2.711747344  -81.816848588   71.644094761
    2.718817621  -81.418562128   35.833843931
    2.725887897  -81.317982800   -8.714754797
    2.732958174  -81.488950039  -36.742740361
    2.740028450  -81.756687286  -36.118088332
    2.747098727  -81.938237833  -14.493349584
    2.754169003  -81.949339257    8.490694706
    2.761239280  -81.841643459   17.913583824
    2.768309556  -81.723635019   12.111222364
    2.775379833  -81.674247635    0.700434513
    2.782450109  -81.692667547   -5.551855351
    2.789520386  -81.711969735    0.671953198
    2.796590662  -81.636303654   20.869628504
    2.803660938  -81.384663607   50.236307071
    2.810731215  -80.931954602   75.042690030
    2.817801491  -80.361890398   79.862428149
    2.824871768  -79.855133630   57.545462306
    2.831942044  -79.586075817   15.713167601
    2.839012321  -79.612578416  -20.744916464
    2.846082597  -79.804477952  -28.874781753
    2.853152874  -79.932846936   -4.931674799
    2.860223150  -79.835034667   31.214453453
    2.867293427  -79.528095916   50.042926326
    2.874363703  -79.191700289   38.475674888
    2.881433980  -79.023815114    6.263909919
    2.888504256  -79.092031671  -24.549333347
    2.895574533  -79.310179837  -34.299496133
    2.902644809  -79.498388154  -16.009642356
    2.909715086  -79.485704448   19.549920922
    2.916785362  -79.218049783   53.483206506
    2.923855639  -78.772794919   66.833113937
    2.930925915  -78.320203756   55.842326367
    2.937996192  -78.005710701   30.362975788
    2.945066468  -77.880220198    5.210344219
    2.952136745  -77.902685793  -10.141047122
    2.959207021  -77.992799777  -16.471527403
    2.966277298  -78.101645772  -14.541275391
    2.973347574  -78.178546567   -7.655457669
    2.980417850  -78.194123591    2.307765520
    2.987488127  -78.138739719   11.710355318
    2.994558403  -78.035559915   14.905881316
    3.001628680  -77.931460866   12.259796271
    3.008698956  -77.849641454   10.600855179
    3.015769233  -77.748573558   19.706385968
    3.022839509  -77.527747284   43.561065989
    3.029909786  -77.110890628   71.761952525
    3.036980062  -76.541100512   84.156007462
    3.044050339  -75.990249375   65.393382018
    3.051120615  -75.666632266   22.603287821
    3.058190892  -75.657321616  -18.773518886
    3.065261168  -75.855245187  -32.074471794
    3.072331445  -76.018600846  -10.540996574
    3.079401721  -75.945898842   30.515765787
    3.086471998  -75.594761781   64.264000173
    3.093542274  -75.089987904   72.770411276
    3.100612551  -74.617708063   56.846791033
    3.107682827  -74.291325660   34.725734280
    3.114753104  -74.075347984   28.844356898
    3.121823380  -73.815477371   47.432328569
    3.128893657  -73.372319089   75.530673323
    3.135963933  -72.780998116   85.899768874
    3.143034210  -72.245698735   57.909143270
    3.150104486  -72.018182988    3.424333319
    3.157174762  -72.164193579  -41.034025832
    3.164245039  -72.481516817  -41.631826471
    3.171315315  -72.637496915    1.146801913
    3.178385592  -72.444346587   49.446590859
    3.185455868  -72.015882943   62.521197152
    3.192526145  -71.647591283   35.838805819
    3.199596421  -71.513244883    4.424227764
    3.206666698  -71.482424615   11.515089334
    3.213736974  -71.219812962   67.556381682
    3.220807251  -70.482157020  138.012073237
    3.227877527  -69.357440833  168.162870870
    3.234947804  -68.266264163  127.692290757
    3.242018080  -67.685363596   29.484989905
    3.249088357  -67.859537078  -77.449038654
    3.256158633  -68.663451933 -142.067846076
    3.263228910  -69.705792559 -143.383235902
    3.270299186  -70.575952266  -99.028074664
    3.277369463  -71.079235801  -45.038556917
    3.284439739  -71.243602119   -6.333296606
    3.291510016  -71.194287311   17.963178922
    3.298580292  -70.985691693   40.517207224
    3.305650569  -70.603859080   65.913744807
    3.312720845  -70.071059051   80.832708580
    3.319791121  -69.519622843   69.503133179
    3.326861398  -69.140078054   34.118862152
    3.333931674  -69.039635118   -4.717908561
    3.341001951  -69.163687361  -28.511716676
    3.348072227  -69.395651268  -37.542115077
    3.355142504  -69.676674256  -43.797795452
    3.362212780  -70.020510613  -55.048276210
    3.369283057  -70.443262598  -64.070529806
    3.376353333  -70.892915488  -62.312806106
    3.383423610  -71.301983061  -55.288607278
    3.390493886  -71.695234767  -60.651363720
    3.397564163  -72.193995303  -83.881738752
    3.404634439  -72.871385079 -105.488680355
    3.411704716  -73.597725498  -92.730298545
    3.418774992  -74.061193094  -32.230002882
    3.425845269  -73.982683222   52.648770403
    3.432915545  -73.358105963  115.377423745
    3.439985822  -72.493473526  116.287881289
    3.447056098  -71.855166177   55.187733308
    3.454126375  -71.777647179  -35.705928809
    3.461196651  -72.310958152 -110.078755930
    3.468266928  -73.208974164 -136.111282907
    3.475337204  -74.103862233 -110.678011711
    3.482407481  -74.703360743  -58.310157563
    3.489477757  -74.955630993  -18.245878188
    3.496548033  -75.053194497  -19.162353160
    3.503618310  -75.300213722  -55.507140219
    3.510688586  -75.834245746  -93.699854708
    3.517758863  -76.522777341  -93.669600725
    3.524829139  -77.040156473  -46.681289389
    3.531899416  -77.139275438   16.727474311
    3.538969692  -76.855274318   55.548233333
    3.546039969  -76.437186957   56.985496331
    3.553110245  -76.084401564   41.562106243
    3.560180522  -75.814508496   35.770222344
    3.567250798  -75.538965260   41.185321126
    3.574321075  -75.248592505   36.956116010
    3.581391351  -75.057619777   13.434123719
    3.588461628  -75.056049840  -12.079881508
    3.595531904  -75.170843453  -16.847217317
    3.602602181  -75.231492361    0.369621671
    3.609672457  -75.149384380   19.819575283
    3.616742734  -74.974970514   25.975063642
    3.623813010  -74.790961248   25.482527723
    3.630883287  -74.581248511   36.931632772
    3.637953563  -74.227718527   63.841512754
    3.645023840  -73.669799646   89.927611230
    3.652094116  -73.006405638   89.963165666
    3.659164393  -72.464706590   58.823286731
    3.666234669  -72.200752632   15.978290828
    3.673304945  -72.186723544   -8.345799892
    3.680375222  -72.237348722   -3.586075755
    3.687445498  -72.199038275   12.212534159
    3.694515775  -72.101022458   10.388676278
    3.701586051  -72.109631366  -17.099406103
    3.708656328  -72.341764643  -48.791586219
    3.715726604  -72.726601981  -55.127094144
    3.722796881  -73.044131322  -32.625621686
    3.729867157  -73.148440928    1.763602114
    3.736937434  -73.047347658   21.835527142
    3.744007710  -72.884660740   20.189848830
    3.751077987  -72.785497682    5.782587884
    3.758148263  -72.790069653   -7.372278299
    3.765218540  -72.861322185  -12.496189025
    3.772288816  -72.939667743  -10.443513052
    3.779359093  -72.985909112   -3.429128884
    3.786429369  -72.978957701    4.844581419
    3.793499646  -72.926335299    7.692588807
    3.800569922  -72.884371170    0.112694840
    3.807640199  -72.929478352  -14.668668878
    3.814710475  -73.070390199  -23.273383757
    3.821780752  -73.192667169   -7.552578396
    3.828851028  -73.106566850   33.757690991
    3.835921305  -72.712132893   73.606916328
    3.842991581  -72.156453351   72.325500765
    3.850061857  -71.809517085   16.987075821
    3.857132134  -71.971420637  -63.850259708
    3.864202410  -72.632787483 -115.141284305
    3.871272687  -73.445116594 -105.483422693
    3.878342963  -74.008927581  -51.253209373
    3.885413240  -74.172376670   -1.783957633
    3.892483516  -74.114061054   10.415092115
    3.899553793  -74.094663751   -7.974231999
    3.906624069  -74.209352993  -22.606474357
    3.913694346  -74.339232114  -11.433453336
    3.920764622  -74.322895842   15.646708740
    3.927834899  -74.132119336   34.563514226
    3.934905175  -73.875165115   35.162537444
    3.941975452  -73.648899319   27.567611118
    3.949045728  -73.464733471   24.331722068
    3.956116005  -73.292188828   21.806966466
    3.963186281  -73.168045377    8.970849434
    3.970256558  -73.185568511  -15.545591421
    3.977326834  -73.383150987  -39.953656849
    3.984397111  -73.704298354  -48.373019772
    3.991467387  -74.014311851  -38.330520764
    3.998537664  -74.208129862  -16.870675800
    4.005607940  -74.236761598    6.920214086
    4.012678217  -74.107719041   27.563852381
    4.019748493  -73.859884888   40.312871683
    4.026818769  -73.561487140   41.399082722
    4.033889046  -73.285254238   33.582507008
    4.040959322  -73.067421420   28.792740089
    4.048029599  -72.835746885   39.705853475
    4.055099875  -72.453040141   70.743734532
    4.062170152  -71.809436302  108.432666249
    4.069240428  -70.948684674  128.668658043
    4.076310705  -70.074966496  110.824520832
    4.083380981  -69.454858451   59.029159187
    4.090451258  -69.238597756    3.438988856
    4.097521534  -69.333602455  -25.000025553
    4.104591811  -69.486315861  -13.061521616
    4.111662087  -69.455331403   22.196188849
    4.118732364  -69.180952789   51.032596764
    4.125802640  -68.793087186   52.862995570
    4.132872917  -68.485362344   29.773895167
    4.139943193  -68.377408266    0.053196060
    4.147013470  -68.452257644  -19.918976928
    4.154083746  -68.609961432  -23.379150949
    4.161154023  -68.751185651  -16.752605794
    4.168224299  -68.841689813  -10.822247429
    4.175294576  -68.919486014  -12.843169927
    4.182364852  -69.041004464  -23.855092200
    4.189435129  -69.251107982  -37.072484076
    4.196505405  -69.536343132  -43.014526864
    4.203575681  -69.823622709  -37.078995752
    4.210645958  -70.029201939  -20.448930536
    4.217716234  -70.106103779   -3.965195536
    4.224786511  -70.103607722    1.271286323
    4.231856787  -70.113536134   -5.884560446
    4.238927064  -70.177153527  -11.283118028
    4.245997340  -70.219646097    1.083827792
    4.253067617  -70.117148749   27.656706359
    4.260137893  -69.857279685   39.548709883
    4.267208170  -69.653947381    9.687160129
    4.274278446  -69.807014538  -58.446067020
    4.281348723  -70.470909275 -126.480378605
    4.288418999  -71.483077372 -151.038334765
    4.295489276  -72.450707990 -114.310282380
    4.302559552  -72.992580060  -36.904025508
    4.309629829  -72.968854447   38.306529006
    4.316700105  -72.542480275   72.909877626
    4.323770382  -72.060773838   54.592837762
    4.330840658  -71.845496471    2.059105468
    4.337910935  -72.013745027  -48.001011245
    4.344981211  -72.434665206  -65.249278140
    4.352051488  -72.845137759  -46.382156760
    4.359121764  -73.045297159  -10.341622511
    4.366192040  -73.003911281   17.348530269
    4.373262317  -72.837629748   24.543812124
    4.380332593  -72.685884537   16.578256703
    4.387402870  -72.603586106    6.384035125
    4.394473146  -72.563714674    5.225045282
    4.401543423  -72.507229415    9.824419808
    4.408613699  -72.427246271    9.290127528
    4.415683976  -72.394254221   -3.141045071
    4.422754252  -72.493587260  -26.020460758
    4.429824529  -72.755992918  -48.429323182
    4.436894805  -73.131886521  -56.350006469
    4.443965082  -73.494100463  -43.608429938
    4.451035358  -73.696405468  -12.269267329
    4.458105635  -73.634337124   29.256127415
    4.465175911  -73.286024142   65.439307430
    4.472246188  -72.754174692   79.462551278
    4.479316464  -72.229215156   63.100493558
    4.486386741  -71.898880682   27.792146457
    4.493457017  -71.822113985   -5.043252655
    4.500527294  -71.915290034  -19.444319172
    4.507597570  -72.041062718  -14.280514615
    4.514667847  -72.095621798   -2.434965180
    4.521738123  -72.069500179    7.263540716
    4.528808400  -71.998786235   10.441597053
    4.535878676  -71.932884024    6.092536681
    4.542948952  -71.913432021   -1.403082703
    4.550019229  -71.924798704   -1.131779699
    4.557089505  -71.866299480   20.877143664
    4.564159782  -71.576532553   62.209068676
    4.571230058  -70.978125410  103.530195937
    4.578300335  -70.160621464  121.223169393
    4.585370611  -69.337913199  103.969609450
    4.592440888  -68.742601703   59.846358240
    4.599511164  -68.512145813    4.358503271
    4.606581441  -68.666210721  -47.173656549
    4.613651717  -69.128912204  -81.441180144
    4.620721994  -69.741637117  -88.137569185
    4.627792270  -70.304274878  -67.446608868
    4.634862547  -70.657147099  -31.740728780
    4.641932823  -70.749698191    1.230678481
    4.649003100  -70.655588534   21.257871573
    4.656073376  -70.479881051   25.812484401
    4.663143653  -70.304144739   22.758039654
    4.670213929  -70.152546807   18.945501977
    4.677284206  -70.035719297   11.158592505
    4.684354482  -70.023718025  -12.257942182
    4.691424759  -70.259628604  -58.870134027
    4.698495035  -70.873604053 -115.396228210
    4.705565312  -71.827555765 -148.140189559
    4.712635588  -72.828786618 -125.628166245
    4.719705864  -73.461652444  -47.637651749
    4.726776141  -73.451741117   47.844171935
    4.733846417  -72.864735981  107.354676194
    4.740916694  -72.079405576  102.448336617
    4.747986970  -71.531521559   45.783141298
    4.755057247  -71.450266590  -21.363888308
    4.762127523  -71.754758110  -58.561513660
    4.769197800  -72.156644065  -47.995246548
    4.776268076  -72.345985736   -3.502650416
    4.783338353  -72.191120576   43.694192312
    4.790408629  -71.794017909   61.320287311
    4.797478906  -71.413640763   37.628207524
    4.804549182  -71.294898256   -6.269588236
    4.811619459  -71.456731083  -35.581638670
    4.818689735  -71.699526212  -27.833010468
    4.825760012  -71.770654109    8.895177980
    4.832830288  -71.573480121   42.030956500
    4.839900565  -71.250814021   41.365119132
    4.846970841  -71.065953251    5.348795567
    4.854041118  -71.185753930  -38.435773925
    4.861111394  -71.532471936  -53.932869722
    4.868181671  -71.834631493  -26.610056233
    4.875251947  -71.841330310   24.580239465
    4.882322224  -71.524287522   57.776050022
    4.889392500  -71.131593314   43.997670254
    4.896462776  -70.986877733   -8.271309231
    4.903533053  -71.224236789  -55.560363164
    4.910603329  -71.655668975  -58.582913652
    4.917673606  -71.930360851  -14.276658356
    4.924743882  -71.823980600   40.756451490
    4.931814159  -71.422434992   64.629573601
    4.938884435  -71.014954262   43.732162964
    4.945954712  -70.850879341    0.805366346
    4.953024988  -70.964972745  -30.373133563
    4.960095265  -71.213894983  -37.482213982
    4.967165541  -71.459571850  -33.630792520
    4.974235818  -71.700029379  -36.878810921
    4.981306094  -72.003540121  -49.847497012
    4.988376371  -72.380511581  -54.673277651
    4.995446647  -72.705455067  -33.983953681
    5.002516924  -72.797080793    7.950901651
    5.009587200  -72.589339109   46.865688326
    5.016657477  -72.203587753   54.978902718
    5.023727753  -71.893116734   27.158923485
    5.030798030  -71.850932479  -17.098383402
    5.037868306  -72.089687000  -47.951719665
    5.044938583  -72.442146987  -46.871628426
    5.052008859  -72.686638148  -20.613453952
    5.059079136  -72.717515761    8.195767237
    5.066149412  -72.610271128   17.158935954
    5.073219688  -72.540039189   -2.830352590
    5.080289965  -72.673926806  -36.502386530
    5.087360241  -73.024951915  -60.380561515
    5.094430518  -73.454268582  -57.179522484
    5.101500794  -73.762439755  -27.910700984
    5.108571071  -73.815798919   11.752727719
    5.115641347  -73.616839259   40.273452264
    5.122711624  -73.299211618   43.285646274
    5.129781900  -73.055142061   21.828711295
    5.136852177  -73.008613407   -9.587969440
    5.143922453  -73.145973425  -26.501614505
    5.150992730  -73.302214829  -13.945485567
    5.158063006  -73.284668579   19.563736534
    5.165133283  -73.038658974   44.774491470
    5.172203559  -72.726451001   36.044845647
    5.179273836  -72.605400079   -6.955327000
    5.186344112  -72.827369930  -55.196237278
    5.193414389  -73.303911222  -73.392834348
    5.200484665  -73.752954785  -47.425589910
    5.207554942  -73.891130132   10.519662104
    5.214625218  -73.587388075   72.334761016
    5.221695495  -72.909674485  113.347235429
    5.228765771  -72.050220180  124.313495736
    5.235836048  -71.195448655  113.757971968
    5.242906324  -70.440048902   98.776936147
    5.249976600  -69.775635148   88.321324556
    5.257046877  -69.183112566   77.584124976
    5.264117153  -68.703754442   53.692773786
    5.271187430  -68.444955024   17.140825379
    5.278257706  -68.448214152  -17.375633939
    5.285327983  -68.626158761  -28.664543400
    5.292398259  -68.774121832  -10.787913884
    5.299468536  -68.734081697   20.939287831
    5.306538812  -68.499491771   40.287449784
    5.313609089  -68.217687707   34.836795974
    5.320679365  -68.033280318   16.099806730
    5.327749642  -67.955077607    8.116128433
    5.334819918  -67.854418112   22.823674797
    5.341890195  -67.603039549   46.461633725
    5.348960471  -67.234418888   51.955487038
    5.356030748  -66.943560630   23.377148653
    5.363101024  -66.944241221  -25.346986373
    5.370171301  -67.264754613  -61.455924203
    5.377241577  -67.705686310  -57.983806013
    5.384311854  -67.976269278  -14.676506047
    5.391382130  -67.887285037   37.077496435
    5.398452407  -67.508099347   63.072909583
    5.405522683  -67.085916058   49.793841515
    5.412592960  -66.846108042   15.909851277
    5.419663236  -66.818338692   -4.483039934
    5.426733512  -66.825007487    6.836025260
    5.433803789  -66.661154437   39.924420421
    5.440874065  -66.274580482   65.572046674
    5.447944342  -65.800861315   62.194867120
    5.455014618  -65.441748676   35.834291555
    5.462084895  -65.286973339    8.614340437
    5.469155171  -65.271517352   -2.057136922
    5.476225448  -65.266272344    3.681433689
    5.483295724  -65.208316611   11.072400620
    5.490366001  -65.125333138   10.403089137
    5.497436277  -65.066086626    5.648095002
    5.504506554  -65.020350692    7.455098546
    5.511576830  -64.933999827   15.760870963
    5.518647107  -64.805542511   16.425524124
    5.525717383  -64.748961489   -4.807600611
    5.532787660  -64.911717687  -44.390114045
    5.539857936  -65.355630320  -79.652449984
    5.546928213  -65.961271809  -86.735890518
    5.553998489  -66.489209061  -58.681239676
    5.561068766  -66.735460671  -10.888893532
    5.568139042  -66.656527546   28.667571461
    5.575209319  -66.399137465   37.774854944
    5.582279595  -66.201826230   12.242557428
    5.589349871  -66.258709809  -31.264806229
    5.596420148  -66.617351870  -67.941090172
    5.603490424  -67.161945201  -81.741299001
    5.610560701  -67.710014160  -71.355643246
    5.617630977  -68.119143530  -43.233092614
    5.624701254  -68.290760339   -4.484753644
    5.631771530  -68.158627564   41.423107859
    5.638841807  -67.696186472   87.108412595
    5.645912083  -66.975387209  109.046237725
    5.652982360  -66.258738694   83.939289040
    5.660052636  -65.893975259   12.882759126
    5.667122913  -66.091030316  -67.074500152
    5.674193189  -66.740651494 -108.454777467
    5.681263466  -67.485282939  -94.171308207
    5.688333742  -67.993935769  -50.197077598
    5.695404019  -68.209545690  -16.181929473
    5.702474295  -68.286762044  -11.607675356
    5.709544572  -68.394687334  -18.771156343
    5.716614848  -68.512806265  -10.658719814
    5.723685125  -68.478663866   20.895208298
    5.730755401  -68.190804539   57.355229903
    5.737825678  -67.723890091   68.008560518
    5.744895954  -67.319851299   39.691723608
    5.751966231  -67.217710142  -13.812660824
    5.759036507  -67.492879409  -62.293988173
    5.766106783  -68.010515794  -79.245011163
    5.773177060  -68.505555464  -56.024405969
    5.780247336  -68.725877142   -4.465219091
    5.787317613  -68.563287490   47.700209956
    5.794387889  -68.116925589   70.599582465
    5.801458166  -67.657244786   50.668559554
    5.808528442  -67.466733650   -0.853999660
    5.815598719  -67.667545832  -54.642514392
    5.822668995  -68.171188262  -83.119557081
    5.829739272  -68.761712329  -79.819678086
    5.836809548  -69.253088479  -58.783093779
    5.843879825  -69.591030476  -39.416224283
    5.850950101  -69.824659082  -29.013692699
    5.858020378  -70.008840092  -24.374320960
    5.865090654  -70.158645509  -19.727319213
    5.872160931  -70.272353777  -13.038554450
    5.879231207  -70.335339762   -6.469952663
    5.886301484  -70.355341436    0.619610902
    5.893371760  -70.322367297    7.710173785
    5.900442037  -70.235875518   15.952790357
    5.907512313  -70.093749136   22.725751594
    5.914582590  -69.909315698   26.791365469
    5.921652866  -69.711762088   27.575651679
    5.928723143  -69.530729218   21.295170485
    5.935793419  -69.427036153    4.578889478
    5.942863695  -69.475846987  -20.198578197
    5.949933972  -69.704462210  -44.605927669
    5.957004248  -70.068958118  -56.472370246
    5.964074525  -70.443677941  -46.483874164
    5.971144801  -70.669997192  -17.179395768
    5.978215078  -70.657490514   18.920182922
    5.985285354  -70.430222329   40.924872912
    5.992355631  -70.141968429   33.902231238
    5.999425907  -70.008683597   -0.241465163
    6.006496184  -70.158670987  -42.517382669
    6.013566460  -70.551771771  -64.726619718
    6.020636737  -70.975420642  -49.971041560
    6.027707013  -71.184795772   -6.813593081
    6.034777290  -71.063658086   36.279908496
    6.041847566  -70.722850585   53.764684811
    6.048917843  -70.375318153   38.091160535
    6.055988119  -70.202556416    9.802247181
    6.063058396  -70.190603340   -2.814492612
    6.070128672  -70.161757992   14.913766828
    6.077198949  -69.924032513   52.256693518
    6.084269225  -69.436896967   80.342431052
    6.091339502  -68.852184588   78.788252746
    6.098409778  -68.382371588   51.003792633
    6.105480055  -68.122762808   22.177186062
    6.112550331  -67.994274734   18.014822442
    6.119620607  -67.800904713   39.100195958
    6.126690884  -67.403909695   72.434006395
    6.133761160  -66.774818079  102.899236829
    6.140831437  -65.972420408  120.412433799
    6.147901713  -65.111091794  118.201156968
    6.154971990  -64.351450833   91.673446718
    6.162042266  -63.854630629   44.669874749
    6.169112543  -63.714683173   -5.032991364
    6.176182819  -63.873916709  -35.695667792
    6.183253096  -64.150634652  -38.567549211
    6.190323372  -64.366205507  -22.811263870
    6.197393649  -64.451054251   -2.805866599
    6.204463925  -64.418087621    9.788133815
    6.211534202  -64.316880085   17.847431500
    6.218604478  -64.161449146   25.022668949
    6.225674755  -63.956469509   31.310014275
    6.232745031  -63.724817434   31.273560447
    6.239815308  -63.526504523   23.116056140
    6.246885584  -63.399524156   11.752256029
    6.253955861  -63.335161894    8.155977796
    6.261026137  -63.252414213   15.624938836
    6.268096414  -63.088656722   29.517651615
    6.275166690  -62.842483636   37.593259571
    6.282236967  -62.585402234   31.621362346
    6.289307243  -62.403370992   18.495964857
    6.296377519  -62.296117693   14.041303365
    6.303447796  -62.157008962   27.200715089
    6.310518072  -61.881823511   49.007483338
    6.317588349  -61.492641496   55.367128504
    6.324658625  -61.166523952   31.333368445
    6.331728902  -61.096844034  -14.051796451
    6.338799178  -61.334648598  -50.018495202
    6.345869455  -61.720345862  -53.327110171
    6.352939731  -62.001884135  -23.235986260
    6.360010008  -62.001307973   23.646759665
    6.367080284  -61.670816076   65.956999252
    6.374150561  -61.098773397   91.775066315
    6.381220837  -60.435384050   89.666244118
    6.388291114  -59.901108813   54.217070113
    6.395361390  -59.722677150   -7.053628353
    6.402431667  -59.997681669  -69.005424999
    6.409501943  -60.612507389  -97.818341763
    6.416572220  -61.263950232  -80.312435866
    6.423642496  -61.672722614  -34.779054318
    6.430712773  -61.762507756    5.255764494
    6.437783049  -61.650678966   21.072104879
    6.444853326  -61.491849110   21.885433071
    6.451923602  -61.319532041   28.827937383
    6.458993879  -61.049569787   48.318549834
    6.466064155  -60.625167625   68.902896685
    6.473134431  -60.104739084   73.857307148
    6.480204708  -59.629627403   56.593925791
    6.487274984  -59.328496319   27.161035195
    6.494345261  -59.228577763    2.074459189
    6.501415537  -59.259712647  -10.044645261
    6.508485814  -59.336959395  -12.328449113
    6.515556090  -59.432886477  -16.996946403
    6.522626367  -59.601742134  -33.243282521
    6.529696643  -59.918069746  -57.503974833
    6.536766920  -60.390629954  -75.220137676
    6.543837196  -60.921192851  -71.384554760
    6.550907473  -61.332035354  -41.254374867
    6.557977749  -61.456859156    7.156821417
    6.565048026  -61.217719989   58.561508398
    6.572118302  -60.655308995   95.361870098
    6.579188579  -59.927099932  105.460556157
    6.586258855  -59.231048010   86.524989095
    6.593329132  -58.742183389   48.402644542
    6.600399408  -58.541363771    8.572226247
    6.607469685  -58.581713599  -17.699403368
    6.614539961  -58.737649662  -23.652314238
    6.621610238  -58.872242313  -13.091617790
    6.628680514  -58.907922726    1.048698225
    6.635750790  -58.871711602    5.813000774
    6.642821067  -58.855788733   -4.626817663
    6.649891343  -58.948433278  -24.506610427
    6.656961620  -59.188304089  -42.963555354
    6.664031896  -59.539142399  -56.375433785
    6.671102173  -59.967855546  -65.269095769
    6.678172449  -60.447254847  -69.947934960
    6.685242726  -60.933080856  -66.576817742
    6.692313002  -61.350927768  -50.198520848
    6.699383279  -61.615284743  -24.319096347
    6.706453555  -61.694838491   -0.803841873
    6.713523832  -61.649629784    9.500138642
    6.720594108  -61.590363084    4.100473617
    6.727664385  -61.603438931   -8.273724652
    6.734734661  -61.688387422  -13.869215269
    6.741804938  -61.753736500   -2.629012542
    6.748875214  -61.674660517   26.146264694
    6.755945491  -61.370984624   57.671419081
    6.763015767  -60.894215168   71.335194745
    6.770086044  -60.435135258   51.688537842
    6.777156320  -60.229913152    1.773564552
    6.784226597  -60.416185252  -53.670605379
    6.791296873  -60.926639104  -85.254914311
    6.798367150  -61.527604663  -79.626613875
    6.805437426  -61.982088725  -47.295727890
    6.812507702  -62.186608296  -12.594542246
    6.819577979  -62.196083958    5.522952073
    6.826648255  -62.147165703    4.339669698
    6.833718532  -62.160008519  -10.347302106
    6.840788808  -62.295760047  -29.361770588
    6.847859085  -62.547557121  -40.112149189
    6.854929361  -62.812626809  -31.387267199
    6.861999638  -62.933286991   -0.468399828
    6.869069914  -62.797812781   36.985436434
    6.876140191  -62.446116124   56.120865179
    6.883210467  -62.067226757   44.251034366
    6.890280744  -61.851900501   15.461601715
    6.897351020  -61.817601925   -2.358982366
    6.904421297  -61.806720331    9.242136200
    6.911491573  -61.627385910   41.753441375
    6.918561850  -61.228818878   65.578677704
    6.925632126  -60.768330938   57.748351919
    6.932702403  -60.482391553   18.715394612
    6.939772679  -60.516208480  -28.270885894
    6.946842956  -60.830013373  -57.717564554
    6.953913232  -61.259039001  -60.073943194
    6.960983509  -61.627553730  -42.936509993
    6.968053785  -61.836204016  -16.231753126
    6.975124062  -61.845165577   13.098907799
    6.982194338  -61.645382477   40.928780129
    6.989264614  -61.279937557   58.740007077
    6.996334891  -60.856574062   55.956163878
    7.003405167  -60.529223499   33.509269806
    7.010475444  -60.396439307    4.205678013
    7.017545720  -60.439074999  -14.061253117
    7.024615997  -60.545391148  -14.162337363
    7.031686273  -60.602084180   -1.855873052
    7.038756550  -60.558665119   12.714989544
    7.045826826  -60.420983319   24.708265862
    7.052897103  -60.210893699   33.111932570
    7.059967379  -59.957494557   36.073648492
    7.067037656  -59.719434609   27.528274085
    7.074107932  -59.595010930    4.029506008
    7.081178209  -59.678493403  -28.751750610
    7.088248485  -59.982598381  -55.099526714
    7.095318762  -60.397242251  -57.615968884
    7.102389038  -60.713140174  -27.884637577
    7.109459315  -60.729938639   24.304685975
    7.116529591  -60.369830945   73.606914569
    7.123599868  -59.748927626   94.903981522
    7.130670144  -59.115175420   77.249431751
    7.137740421  -58.714234553   31.816614562
    7.144810697  -58.649346183  -11.448745565
    7.151880974  -58.804281519  -27.136023609
    7.158951250  -58.935998497   -5.253802926
    7.166021526  -58.810352747   42.846973059
    7.173091803  -58.324420090   91.312690470
    7.180162079  -57.565113409  116.844184801
    7.187232356  -56.749998558  106.457406509
    7.194302632  -56.139769850   60.052919125
    7.201372909  -55.941865113   -7.156850012
    7.208443185  -56.213477872  -66.402431502
    7.215513462  -56.787883095  -88.846736505
    7.222583738  -57.335162361  -58.281104956
    7.229654015  -57.512546165   11.505947230
    7.236724291  -57.163689812   82.248747774
    7.243794568  -56.425974674  116.948789187
    7.250864844  -55.617353178  104.181789339
    7.257935121  -55.012293666   63.862432634
    7.265005397  -54.692606650   28.920777225
    7.272075674  -54.545266377   15.136849422
    7.279145950  -54.436952325   15.197280680
    7.286216227  -54.329946478   12.930882823
    7.293286503  -54.270365127    2.846122600
    7.300356780  -54.285326755   -6.995411880
    7.307427056  -54.336100480   -6.161565693
    7.314497333  -54.350141945    1.311821453
    7.321567609  -54.317383513    5.445313543
    7.328637886  -54.291215821   -0.370148038
    7.335708162  -54.332421852  -11.871036937
    7.342778438  -54.447263878  -20.690339147
    7.349848715  -54.596582686  -20.785127554
    7.356918991  -54.712559839  -11.460285921
    7.363989268  -54.728233934    8.415935962
    7.371059544  -54.560885583   39.776208698
    7.378129821  -54.148267125   75.591044712
    7.385200097  -53.518700508   97.846944091
    7.392270374  -52.831679803   90.004766772
    7.399340650  -52.308961646   53.469631031
    7.406410927  -52.080892740   11.688141708
    7.413481203  -52.087017222   -9.610231098
    7.420551480  -52.148215023   -5.060322750
    7.427621756  -52.141462541    4.128520451
    7.434692033  -52.134163405   -7.997312147
    7.441762309  -52.319277579  -48.920426719
    7.448832586  -52.837496729  -95.869286852
    7.455902862  -53.605319576 -115.129914407
    7.462973139  -54.344644907  -89.074734473
    7.470043415  -54.779758276  -31.661945186
    7.477113692  -54.804263781   20.665983716
    7.484183968  -54.557870239   42.184774526
    7.491254245  -54.277445067   32.727676679
    7.498324521  -54.114611819   12.539333235
    7.505394798  -54.072937009    0.222120629
    7.512465074  -54.077601408   -1.171199411
    7.519535350  -54.087915952   -3.355445430
    7.526605627  -54.144029152  -14.989346442
    7.533675903  -54.306615191  -30.893567532
    7.540746180  -54.559968465  -39.645385045
    7.547816456  -54.820851225  -33.869121001
    7.554886733  -55.009096123  -19.528125307
    7.561957009  -55.107308955  -10.624632476
    7.569027286  -55.182600093  -12.757329522
    7.576097562  -55.297556358  -20.243466631
    7.583167839  -55.450228601  -21.939341265
    7.590238115  -55.573511016  -11.978582500
    7.597308392  -55.593161141    6.011096052
    7.604378668  -55.493095603   20.151707363
    7.611448945  -55.331994668   22.896925886
    7.618519221  -55.182635057   18.124372041
    7.625589498  -55.049035520   22.069147162
    7.632659774  -54.818673046   45.405087245
    7.639730051  -54.369441573   80.783292222
    7.646800327  -53.704243126  101.363723489
    7.653870604  -53.021977738   82.113240853
    7.660940880  -52.622046190   26.023810011
    7.668011157  -52.668816295  -38.796866189
    7.675081433  -53.093971820  -75.081404484
    7.682151710  -53.621154990  -68.401615903
    7.689221986  -53.974365854  -28.903630516
    7.696292262  -54.002873984   19.723097786
    7.703362539  -53.715653779   58.044952767
    7.710432815  -53.226979195   75.503224160
    7.717503092  -52.705457589   67.108301986
    7.724573368  -52.330235503   34.833583138
    7.731643645  -52.232636536   -8.284069830
    7.738713921  -52.411479464  -38.481993696
    7.745784198  -52.694953902  -35.112579961
    7.752854474  -52.824701219    1.293708966
    7.759924751  -52.652811982   44.992850049
    7.766995027  -52.251431104   60.674913356
    7.774065304  -51.896033967   32.200326641
    7.781135580  -51.866388939  -27.653702663
    7.788205857  -52.275422273  -85.946296709
    7.795276133  -53.003228735 -114.731727714
    7.802346410  -53.801271216 -106.574317069
    7.809416686  -54.437431451  -70.849231319
    7.816486963  -54.767347565  -21.983732173
    7.823557239  -54.738951396   29.146115966
    7.830627516  -54.368529981   72.134389534
    7.837697792  -53.755120950   96.640457752
    7.844768069  -53.060969907   94.229083169
    7.851838345  -52.475423506   67.853064086
    7.858908621  -52.109752999   35.870752560
    7.865978898  -51.916194321   22.916546340
    7.873049174  -51.712217737   39.233696611
    7.880119451  -51.320239838   69.729907372
    7.887189727  -50.756755080   83.138251699
    7.894260004  -50.243649749   53.622064431
    7.901330280  -50.083774483  -12.676648503
    7.908400557  -50.416810412  -79.781700162
    7.915470833  -51.105465234 -106.448414349
    7.922541110  -51.795576927  -81.864941462
    7.929611386  -52.180067836  -25.384952227
    7.936681663  -52.157625609   27.784708831
    7.943751939  -51.847720458   53.391042633
    7.950822216  -51.468614373   48.521966092
    7.957892492  -51.193946757   26.712045330
    7.964962769  -51.085642954    4.085578476
    7.972033045  -51.113061202  -11.387479130
    7.979103322  -51.219008205  -17.697568120
    7.986173598  -51.342916981  -16.286713375
    7.993243875  -51.430697086   -8.371540240
    8.000314151  -51.440882126    4.672674168
    8.007384428  -51.363368103   15.165210084
    8.014454704  -51.250374949   13.428148774
    8.021524981  -51.198088105   -1.807461342
    8.028595257  -51.282195293  -22.584153225
    8.035665533  -51.500011656  -39.189529324
    8.042735810  -51.813630487  -49.135611052
    8.049806086  -52.194566205  -60.362882767
    8.056876363  -52.666007722  -73.599969995
    8.063946639  -53.211851417  -78.394823492
    8.071016916  -53.706573927  -57.274694148
    8.078087192  -53.942106030   -6.225139227
    8.085157469  -53.773832861   51.219278768
    8.092227745  -53.283655653   79.123424273
    8.099298022  -52.768577628   57.756724421
    8.106368298  -52.542853718    2.935265913
    8.113438575  -52.708780694  -46.510384762
    8.120508851  -53.102151489  -59.119552050
    8.127579128  -53.449952708  -35.839547637
    8.134649404  -53.584987024   -4.330979685
    8.141719681  -53.542701739   12.267207146
    8.148789957  -53.447910742   12.085290260
    8.155860234  -53.370415353   10.074960570
    8.162930510  -53.272639776   18.436902224
    8.170000787  -53.084101967   34.597298951
    8.177071063  -52.793821526   44.545612874
    8.184141340  -52.485477371   39.516675961
    8.191211616  -52.259503488   22.430900936
    8.198281893  -52.158854087    7.507023282
    8.205352169  -52.114708696    5.800829170
    8.212422445  -52.027382611   19.549426821
    8.219492722  -51.828190551   35.121228960
    8.226562998  -51.557077685   37.784489002
    8.233633275  -51.330360852   22.548638977
    8.240703551  -51.252959374   -1.714468915
    8.247773828  -51.337245442  -20.966583058
    8.254844104  -51.499925219  -23.251000843
    8.261914381  -51.603640561   -3.349634812
    8.268984657  -51.502597562   33.273852599
    8.276054934  -51.121427328   72.724480914
    8.283125210  -50.499327520   99.025287396
    8.290195487  -49.779135948   98.704580040
    8.297265763  -49.155728938   73.145119993
    8.304336040  -48.765530893   35.797634452
    8.311406316  -48.627172865    5.317494352
    8.318476593  -48.644181327   -8.017874963
    8.325546869  -48.695516843   -5.959738562
    8.332617146  -48.713330831   -0.518127037
    8.339687422  -48.728733817   -7.370206074
    8.346757699  -48.855214318  -32.165134298
    8.353827975  -49.196653061  -64.818963815
    8.360898252  -49.734622225  -84.189188516
    8.367968528  -50.301143535  -70.736246906
    8.375038805  -50.653787867  -25.627811496
    8.382109081  -50.641614462   27.313310903
    8.389179357  -50.323496322   55.784893813
    8.396249634  -49.945155244   43.529649399
    8.403319910  -49.768383499    3.431115102
    8.410390187  -49.881212752  -32.066248306
    8.417460463  -50.139401386  -35.204422183
    8.424530740  -50.288088510   -3.274919346
    8.431601016  -50.155464747   39.569700055
    8.438671293  -49.776003907   61.284881070
    8.445741569  -49.362573944   49.529324693
    8.452811846  -49.125926698   14.263649397
    8.459882122  -49.150259050  -19.944489341
    8.466952399  -49.355982502  -35.304309406
    8.474022675  -49.586953704  -26.889400240
    8.481092952  -49.694765576   -2.213805265
    8.488163228  -49.603372749   26.387585586
    8.495233505  -49.339771270   44.429796447
    8.502303781  -49.031249728   36.772747931
    8.509374058  -48.876545244    2.380411628
    8.516444334  -49.015624303  -41.662715246
    8.523514611  -49.411223583  -65.539497245
    8.530584887  -49.829674668  -45.551952668
    8.537655164  -49.956585190   13.663932769
    8.544725440  -49.611781167   80.781576335
    8.551795717  -48.881394919  116.960173921
    8.558865993  -48.081661345   99.028750699
    8.565936269  -47.578661167   37.918467176
    8.573006546  -47.552903224  -29.399384018
    8.580076822  -47.898705480  -60.813620826
    8.587147099  -48.286271885  -41.778323572
    8.594217375  -48.406938108    9.298809887
    8.601287652  -48.167496148   53.979822473
    8.608357928  -47.716418214   66.486685649
    8.615428205  -47.294530076   48.673056384
    8.622498481  -47.044573912   21.795029122
    8.629568758  -46.955286222    5.275350339
    8.636639034  -46.924602480    5.224774829
    8.643709311  -46.849132216   16.302453796
    8.650779587  -46.679802382   30.846156210
    8.657849864  -46.416854988   42.289073452
    8.664920140  -46.097775642   45.356202683
    8.671990417  -45.792477043   38.253756707
    8.679060693  -45.565934074   24.505224585
    8.686130970  -45.434847019   13.581741668
    8.693201246  -45.337449322   16.524363900
    8.700271523  -45.149950212   38.975107516
    8.707341799  -44.752137943   73.022124562
    8.714412076  -44.127286937   99.804788969
    8.721482352  -43.410170204   96.095584212
    8.728552629  -42.859981302   52.806474382
    8.735622905  -42.716085143  -14.998608948
    8.742693181  -43.043652142  -73.495276022
    8.749763458  -43.656825292  -92.750708278
    8.756833734  -44.237675812  -66.091137509
    8.763904011  -44.530387783  -17.022107647
    8.770974287  -44.504594079   19.537386571
    8.778044564  -44.332634434   21.909585862
    8.785114840  -44.253458234   -2.615302532
    8.792185117  -44.376036703  -31.049636553
    8.799255393  -44.639952920  -40.520548495
    8.806325670  -44.874250047  -22.093081162
    8.813395946  -44.904586575   14.472460129
    8.820466223  -44.664418727   51.330173614
    8.827536499  -44.219384629   69.514234283
    8.834606776  -43.746760028   58.380353743
    8.841677052  -43.457336091   18.500546241
    8.848747329  -43.514920262  -36.605989531
    8.855817605  -43.966471842  -90.112094932
    8.862887882  -44.743214628 -125.815060544
    8.869958158  -45.668794668 -130.529633080
    8.877028435  -46.493962498  -97.140199861
    8.884098711  -46.962448162  -32.286071755
    8.891168988  -46.930286033   38.444203869
    8.898239264  -46.477615440   82.166085777
    8.905309540  -45.880007172   77.970028525
    8.912379817  -45.458894872   35.655973038
    8.919450093  -45.384387587  -13.616339592
    8.926520370  -45.601794748  -43.739203492
    8.933590646  -45.937509871  -48.304829812
    8.940660923  -46.239369280  -36.361978541
    8.947731199  -46.430139363  -17.114926656
    8.954801476  -46.458890548   10.483282114
    8.961871752  -46.245777742   50.217569459
    8.968942029  -45.720520831   97.334100324
    8.976012305  -44.895316637  129.915001378
    8.983082582  -43.957809346  127.090089145
    8.990152858  -43.195161802   82.498265563
    8.997223135  -42.847297831   14.533017529
    9.004293411  -42.970085855  -46.406362300
    9.011363688  -43.420665761  -76.655184346
    9.018433964  -43.963499038  -72.562804748
    9.025504241  -44.394105426  -48.203521336
    9.032574517  -44.636082810  -21.907718524
    9.039644794  -44.732874262  -10.148663096
    9.046715070  -44.825911568  -20.751644960
    9.053785347  -45.065275156  -50.023084947
    9.060855623  -45.528339360  -79.840103944
    9.067925900  -46.138135005  -88.122355508
    9.074996176  -46.693756986  -64.767486012
    9.082066452  -47.003231879  -21.443765118
    9.089136729  -47.012463746   14.260689367
    9.096207005  -46.860073952   21.998789642
    9.103277282  -46.760161109    2.664029334
    9.110347558  -46.836378848  -24.257678095
    9.117417835  -47.058788682  -35.596311188
    9.124488111  -47.278367223  -23.356294228
    9.131558388  -47.341280994    7.331070689
    9.138628664  -47.149015502   47.345365484
    9.145698941  -46.668025390   87.432769327
    9.152769217  -45.934806886  116.449048783
    9.159839494  -45.073837651  121.517770873
    9.166909770  -44.284218752   95.236228440
    9.173980047  -43.767851363   48.060990883
    9.181050323  -43.596279172    1.800110377
    9.188120600  -43.687666887  -23.631717706
    9.195190876  -43.865565824  -24.055220258
    9.202261153  -43.980713025   -8.479317034
    9.209331429  -43.964333127   12.573105963
    9.216401706  -43.795870040   35.231724492
    9.223471982  -43.457077705   59.238662155
    9.230542259  -42.952765348   80.911294132
    9.237612535  -42.350907406   84.201683682
    9.244682812  -41.837090103   53.624005329
    9.251753088  -41.663974737   -8.897544229
    9.258823364  -41.977309453  -77.344028522
    9.265893641  -42.674817007 -112.312888968
    9.272963917  -43.416215782  -87.664973188
    9.280034194  -43.786663724  -11.927945625
    9.287104470  -43.551506770   76.029448335
    9.294174747  -42.778604768  133.803671461
    9.301245023  -41.767822667  143.558610358
    9.308315300  -40.826412920  119.170122627
    9.315385576  -40.073395065   96.689784722
    9.322455853  -39.355151209  114.722902334
    9.329526129  -38.290086779  197.591901624
    9.336596406  -36.401253573  345.316484536
    9.343666682  -33.308972146  532.001148301
    9.350736959  -28.899695339  707.178418064
    9.357807235  -23.456892390  815.998512541
    9.364877512  -17.601313966  820.877049473
    9.371947788  -12.089634823  721.952429652
    9.379018065   -7.542867363  556.561286409
    9.386088341   -4.248164104  376.443319556
    9.393158618   -2.149304035  223.551321427
    9.400228894   -0.971862706  116.350700607
    9.407299171   -0.392734212   53.368213098
    9.414369447   -0.140039607   21.270538294
    9.421439724   -0.043444990    7.277952671
    9.428510000   -0.011892111    2.184172683
