#! FIELDS F399_dist file.free der_F399_dist
#! SET min_F399_dist 0.350275
#! SET max_F399_dist 9.42851
#! SET nbins_F399_dist  1285
#! SET periodic_F399_dist false
    0.350275000   -0.005976289   -1.087831979
    0.357345276   -0.021993922   -3.683122076
    0.364415553   -0.069859629  -10.642509263
    0.371485829   -0.195920774  -26.863051554
    0.378556106   -0.490039014  -59.792617460
    0.385626382   -1.102807929 -118.473933885
    0.392696659   -2.244331468 -209.849509876
    0.399766935   -4.146840290 -332.608938466
    0.406837212   -6.991078005 -472.536026502
    0.413907488  -10.805474971 -601.468324757
    0.420977765  -15.389959846 -684.744670986
    0.428048041  -20.318101562 -696.037412448
    0.435118318  -25.059507061 -634.264577981
    0.442188594  -29.187231641 -529.688093712
    0.449258871  -32.567458871 -431.295768620
    0.456329147  -35.402748474 -380.070015682
    0.463399424  -38.082998816 -386.070304490
    0.470469700  -40.951507424 -428.348526774
    0.477539977  -44.155776026 -476.644527233
    0.484610253  -47.667503118 -514.390430195
    0.491680530  -51.417741597 -545.586866320
    0.498750806  -55.398129302 -581.382081704
    0.505821083  -59.658053677 -624.424645761
    0.512891359  -64.209074844 -659.433497428
    0.519961636  -68.910464666 -663.953271972
    0.527031912  -73.479327956 -620.469286686
    0.534102188  -77.580504394 -534.182919070
    0.541172465  -80.990051410 -430.807358866
    0.548242741  -83.711309436 -343.816819616
    0.555313018  -85.936929893 -292.921636199
    0.562383294  -87.927351319 -274.322783000
    0.569453571  -89.849417497 -270.395734559
    0.576523847  -91.732226873 -260.939587707
    0.583594124  -93.489460390 -233.064408713
    0.590664400  -94.968826872 -182.230228760
    0.597734677  -96.007120930 -109.398364748
    0.604804953  -96.483922020  -25.991801263
    0.611875230  -96.388788833   48.816932516
    0.618945506  -95.851078342   96.152536960
    0.626015783  -95.090950799  112.968439682
    0.633086059  -94.288784899  111.615370571
    0.640156336  -93.501808193  111.269119424
    0.647226612  -92.681819255  121.283945992
    0.654296889  -91.771786259  133.913147026
    0.661367165  -90.794341032  139.125797591
    0.668437442  -89.810830328  137.112190485
    0.675507718  -88.830720157  140.861411805
    0.682577995  -87.759378044  163.638533596
    0.689648271  -86.470091133  200.968975327
    0.696718548  -84.923215138  230.694370259
    0.703788824  -83.255842360  234.897745050
    0.710859100  -81.664364723  209.983622101
    0.717929377  -80.303914845  173.593282257
    0.724999653  -79.182978841  143.871837098
    0.732069930  -78.223178807  127.047932418
    0.739140206  -77.378931734  108.577506015
    0.746210483  -76.733227518   67.337692374
    0.753280759  -76.498181686   -7.273826414
    0.760351036  -76.880910020 -103.764264163
    0.767421312  -77.933403246 -191.737968662
    0.774491589  -79.489840248 -242.302048001
    0.781561865  -81.249556433 -250.682908937
    0.788632142  -82.964429455 -233.276006552
    0.795702418  -84.539514156 -215.033263099
    0.802772695  -86.017404835 -205.762972686
    0.809842971  -87.456545676 -202.192932093
    0.816913248  -88.865601563 -197.149892671
    0.823983524  -90.228246007 -189.397263206
    0.831053801  -91.534672205 -180.338279444
    0.838124077  -92.755862837 -163.942819596
    0.845194354  -93.795958421 -126.348993565
    0.852264630  -94.485992168  -67.511814431
    0.859334907  -94.731783980   -5.655151501
    0.866405183  -94.621529193   29.226449520
    0.873475460  -94.403964125   24.623092759
    0.880545736  -94.320626401   -3.167190217
    0.887616012  -94.419359796  -22.901680762
    0.894686289  -94.566578397  -13.905092501
    0.901756565  -94.556443706   17.095217871
    0.908826842  -94.300847076   53.837498523
    0.915897118  -93.811505950   81.587179241
    0.922967395  -93.161240595   99.295601909
    0.930037671  -92.408433772  109.901176959
    0.937107948  -91.612898467  112.178102262
    0.944178224  -90.847198309  100.033450614
    0.951248501  -90.217102552   74.884883901
    0.958318777  -89.798083472   41.321623600
    0.965389054  -89.618683743   10.318250361
    0.972459330  -89.620906032  -10.212447452
    0.979529607  -89.708505504  -13.392753141
    0.986599883  -89.762014295   -1.086915704
    0.993670160  -89.704699779   15.199472986
    1.000740436  -89.559978052   22.147389203
    1.007810713  -89.426960536   10.455952351
    1.014880989  -89.436176758  -17.378108378
    1.021951266  -89.674077731  -50.014875211
    1.029021542  -90.114385997  -72.854136333
    1.036091819  -90.632989772  -70.362910417
    1.043162095  -91.034735496  -41.792153224
    1.050232371  -91.179627276    0.034077497
    1.057302648  -91.058594786   29.177633680
    1.064372924  -90.815623734   34.487599774
    1.071443201  -90.594038268   26.079538299
    1.078513477  -90.416680090   25.147576340
    1.085583754  -90.192346622   38.280673134
    1.092654030  -89.872039199   49.159845635
    1.099724307  -89.549556343   35.410611383
    1.106794583  -89.422663934   -4.024025515
    1.113864860  -89.604044255  -46.552120331
    1.120935136  -90.005030993  -62.371632989
    1.128005413  -90.374276501  -36.725901871
    1.135075689  -90.442749820   18.136396398
    1.142145966  -90.105393926   72.939062547
    1.149216242  -89.474579447   97.610619181
    1.156286519  -88.820928776   79.223984420
    1.163356795  -88.412865742   32.288192493
    1.170427072  -88.341595291  -10.901778937
    1.177497348  -88.479442465  -22.416040621
    1.184567625  -88.566076168    0.996484170
    1.191637901  -88.407626490   43.553321750
    1.198708178  -87.951082181   82.578201500
    1.205778454  -87.265509541  106.571998236
    1.212848731  -86.463524142  117.327957183
    1.219919007  -85.625072331  116.370003036
    1.226989283  -84.835097813  103.441208059
    1.234059560  -84.175756944   80.209071562
    1.241129836  -83.688743320   57.634309018
    1.248200113  -83.310780577   52.264037398
    1.255270389  -82.878839435   72.884008622
    1.262340666  -82.223514134  112.247770547
    1.269410942  -81.282905084  150.297395105
    1.276481219  -80.140693915  166.377705218
    1.283551495  -78.980301111  156.738675815
    1.290621772  -77.953029231  131.622717139
    1.297692048  -77.110465144  105.240812248
    1.304762325  -76.441399784   81.982932485
    1.311832601  -75.952264331   54.186329001
    1.318902878  -75.695444010   15.817621957
    1.325973154  -75.711809816  -20.361678745
    1.333043431  -75.907021086  -29.650841641
    1.340113707  -76.028335261   -0.262179927
    1.347183984  -75.837320665   54.881243565
    1.354254260  -75.264087026  100.921763515
    1.361324537  -74.483516449  112.024230982
    1.368394813  -73.753567491   90.186477145
    1.375465090  -73.210735213   64.156621064
    1.382535366  -72.779518735   61.660136176
    1.389605643  -72.270518974   83.415795950
    1.396675919  -71.589307796  105.782204769
    1.403746195  -70.825793904  104.267768709
    1.410816472  -70.166920155   78.886591679
    1.417886748  -69.711111126   50.280068709
    1.424957025  -69.398116260   40.593795590
    1.432027301  -69.086892515   48.192755494
    1.439097578  -68.713662913   52.977691489
    1.446167854  -68.381996094   35.196371163
    1.453238131  -68.272585089   -8.520467783
    1.460308407  -68.516606924  -60.106305414
    1.467378684  -69.069522853  -92.510994462
    1.474448960  -69.719587062  -86.037522867
    1.481519237  -70.180563954  -40.169684218
    1.488589513  -70.239489683   23.058220989
    1.495659790  -69.882552520   72.107382951
    1.502730066  -69.307350167   81.675192420
    1.509800343  -68.814981789   50.783798024
    1.516870619  -68.615680933    5.068491523
    1.523940896  -68.681329950  -18.406489034
    1.531011172  -68.756101431    4.080922138
    1.538081449  -68.519626255   66.556293737
    1.545151725  -67.797539442  133.658147005
    1.552222002  -66.693046525  169.935197365
    1.559292278  -65.496887983  160.440164767
    1.566362555  -64.490136226  120.519535982
    1.573432831  -63.781054017   80.954986411
    1.580503107  -63.280750860   63.278171710
    1.587573384  -62.828882199   66.531703393
    1.594643660  -62.315126384   77.728035108
    1.601713937  -61.715182745   91.113083062
    1.608784213  -61.015939877  105.396044067
    1.615854490  -60.213465060  120.043042220
    1.622924766  -59.330899070  126.279429500
    1.629995043  -58.447133491  120.837376255
    1.637065319  -57.613237264  115.615400323
    1.644135596  -56.749260951  133.732344842
    1.651205872  -55.639810433  183.552498365
    1.658276149  -54.110418749  247.590372228
    1.665346425  -52.182698229  289.765931688
    1.672416702  -50.110360930  287.809173596
    1.679486978  -48.200126681  246.949604164
    1.686557255  -46.634034194  195.851410484
    1.693627531  -45.384304030  159.861440928
    1.700697808  -44.298375168  150.653351349
    1.707768084  -43.196011161  162.162219552
    1.714838361  -41.969002545  184.953640538
    1.721908637  -40.580530476  205.671393079
    1.728978914  -39.082639163  214.962290079
    1.736049190  -37.576968688  205.319396371
    1.743119467  -36.202696876  180.822232741
    1.750189743  -35.029926889  151.243831186
    1.757260019  -34.025528212  135.483438946
    1.764330296  -33.033297357  150.190005240
    1.771400572  -31.820484987  196.355830779
    1.778470849  -30.214471647  256.842370307
    1.785541125  -28.215960627  302.945765534
    1.792611402  -26.017240069  310.861110143
    1.799681678  -23.917472187  276.032915168
    1.806751955  -22.168340585  216.355998635
    1.813822231  -20.852291844  157.321970931
    1.820892508  -19.900310921  114.103322173
    1.827962784  -19.208505018   80.612050361
    1.835033061  -18.774990615   39.149915505
    1.842103337  -18.695552694  -19.648558422
    1.849173614  -19.047689438  -77.381636856
    1.856243890  -19.702106148  -99.830336932
    1.863314167  -20.315091686  -64.301948306
    1.870384443  -20.501523551   15.173856333
    1.877454720  -20.094472095   96.150048251
    1.884524996  -19.240146934  136.129618328
    1.891595273  -18.298333449  121.873694882
    1.898665549  -17.600524969   71.987906644
    1.905735826  -17.285753268   18.824465128
    1.912806102  -17.276876804  -11.780932573
    1.919876379  -17.375282509  -11.515654056
    1.926946655  -17.391257489    8.798561892
    1.934016931  -17.249377160   30.114272179
    1.941087208  -16.999342563   37.658826558
    1.948157484  -16.747250544   30.691495105
    1.955227761  -16.560393279   22.617598193
    1.962298037  -16.405838876   22.276618430
    1.969368314  -16.232886113   25.868554485
    1.976438590  -16.068669957   16.645125759
    1.983508867  -16.054524706  -16.750309983
    1.990579143  -16.340298081  -64.181892226
    1.997649420  -16.919490272  -93.876910149
    2.004719696  -17.545826210  -73.785077717
    2.011789973  -17.827797373    0.636175347
    2.018860249  -17.474883872   98.565814908
    2.025930526  -16.502172191  167.568363693
    2.033000802  -15.271544050  167.320505145
    2.040071079  -14.305892893   95.402295839
    2.047141355  -14.004946766  -11.993817649
    2.054211632  -14.437916620 -105.270281530
    2.061281908  -15.368847470 -148.327720493
    2.068352185  -16.407410071 -137.565529862
    2.075422461  -17.229483465  -91.612831360
    2.082492738  -17.669704857  -32.299860607
    2.089563014  -17.692367557   24.102233433
    2.096633290  -17.358641665   66.323718699
    2.103703567  -16.817105418   81.030861978
    2.110773843  -16.299908760   58.764051527
    2.117844120  -16.052607888    8.661120875
    2.124914396  -16.174176423  -40.302258056
    2.131984673  -16.541246240  -56.330634436
    2.139054949  -16.869467184  -30.786944862
    2.146125226  -16.921427758   16.478257107
    2.153195502  -16.651315973   56.415052594
    2.160265779  -16.176361780   74.300372455
    2.167336055  -15.633492540   78.348679279
    2.174406332  -15.061987676   83.500781016
    2.181476608  -14.432279689   94.463630727
    2.188546885  -13.737688701   99.427160489
    2.195617161  -13.071171664   84.901739991
    2.202687438  -12.584571072   50.278849543
    2.209757714  -12.373741090    9.855516625
    2.216827991  -12.405264939  -15.132409810
    2.223898267  -12.515894327  -12.052384564
    2.230968544  -12.507576648   17.340419405
    2.238038820  -12.244811693   57.032420710
    2.245109097  -11.722477113   87.975743828
    2.252179373  -11.051641894   97.517952440
    2.259249650  -10.394160588   84.610170531
    2.266319926   -9.886676240   57.647113516
    2.273390202   -9.581238018   29.659904523
    2.280460479   -9.441982318   11.747087465
    2.287530755   -9.379145949    8.174505811
    2.294601032   -9.305037023   13.252325429
    2.301671308   -9.194479421   17.107828080
    2.308741585   -9.082462638   12.942365149
    2.315811861   -9.021693130    4.252441393
    2.322882138   -9.005589981    1.639181491
    2.329952414   -8.958833960   14.101550839
    2.337022691   -8.780972282   36.288637085
    2.344092967   -8.460582423   50.865716642
    2.351163244   -8.123219235   39.148986739
    2.358233520   -7.982625658   -3.638393866
    2.365303797   -8.209596753  -60.904134755
    2.372374073   -8.810394707 -104.590497746
    2.379444350   -9.603545329 -113.641508915
    2.386514626  -10.330847254  -87.381615672
    2.393584903  -10.799012757  -44.439979779
    2.400655179  -10.980370054   -9.982454824
    2.407725456  -10.998500862   -0.102921592
    2.414795732  -11.041890477  -15.962090438
    2.421866009  -11.265004577  -49.095456291
    2.428936285  -11.753265126  -89.760145790
    2.436006562  -12.530686282 -129.296262072
    2.443076838  -13.557641574 -158.274074775
    2.450147114  -14.711384235 -162.585288530
    2.457217391  -15.768564001 -130.320878930
    2.464287667  -16.470081643  -64.024126427
    2.471357944  -16.648934693   11.734416371
    2.478428220  -16.362148217   62.346688582
    2.485498497  -15.886280500   63.356799601
    2.492568773  -15.574246374   18.762150387
    2.499639050  -15.656767464  -41.489278910
    2.506709326  -16.108081405  -80.368123928
    2.513779603  -16.682982012  -74.585234923
    2.520849879  -17.063048640  -28.114246246
    2.527920156  -17.050837098   30.713613185
    2.534990432  -16.681164877   67.408053533
    2.542060709  -16.193128264   63.760621546
    2.549130985  -15.858846008   26.391854490
    2.556201262  -15.827920407  -16.658630096
    2.563271538  -16.047809291  -41.566514836
    2.570341815  -16.357847529  -43.035193215
    2.577412091  -16.634725993  -35.360453410
    2.584482368  -16.875521450  -35.002392457
    2.591552644  -17.151860188  -44.615701185
    2.598622921  -17.494881236  -50.547306187
    2.605693197  -17.815058718  -36.329618762
    2.612763474  -17.945688269    2.478690488
    2.619833750  -17.754453642   51.041055949
    2.626904026  -17.255992063   85.280225265
    2.633974303  -16.619008512   89.542577961
    2.641044579  -16.054513772   66.963662667
    2.648114856  -15.690819571   35.392662953
    2.655185132  -15.525539988   13.346407076
    2.662255409  -15.469090873    4.127196237
    2.669325685  -15.451551593    1.075917101
    2.676395962  -15.456631622   -3.089003678
    2.683466238  -15.494856880   -7.630053992
    2.690536515  -15.552917698   -8.290796155
    2.697606791  -15.595397894   -3.000100678
    2.704677068  -15.586203620    5.482242873
    2.711747344  -15.517240006   13.658262888
    2.718817621  -15.399754073   18.760506411
    2.725887897  -15.265909283   16.964788723
    2.732958174  -15.179872518    5.531527930
    2.740028450  -15.212067434  -17.181461526
    2.747098727  -15.428523889  -44.320350687
    2.754169003  -15.823688852  -65.219122063
    2.761239280  -16.306091269  -67.621805804
    2.768309556  -16.716595633  -44.180291983
    2.775379833  -16.874394285    2.037287031
    2.782450109  -16.664950763   56.692597991
    2.789520386  -16.105895333   96.846276600
    2.796590662  -15.372926338  103.179913590
    2.803660938  -14.732346491   72.582660017
    2.810731215  -14.397315856   20.431383255
    2.817801491  -14.427968448  -26.583872286
    2.824871768  -14.709694270  -48.321159517
    2.831942044  -15.039548876  -40.386723927
    2.839012321  -15.230315456  -11.459432984
    2.846082597  -15.176707332   26.631035499
    2.853152874  -14.852301526   63.943703780
    2.860223150  -14.289069122   93.332641738
    2.867293427  -13.562922960  109.325512810
    2.874363703  -12.780641013  108.487409235
    2.881433980  -12.065240583   91.565597209
    2.888504256  -11.515532178   62.378026864
    2.895574533  -11.196123807   27.008995862
    2.902644809  -11.129060368   -7.955256443
    2.909715086  -11.296047572  -38.712792268
    2.916785362  -11.660327925  -63.838702058
    2.923855639  -12.179778807  -81.617737599
    2.930925915  -12.786265895  -87.925548907
    2.937996192  -13.373904676  -75.045845339
    2.945066468  -13.793793854  -40.616732638
    2.952136745  -13.917443265    6.108932556
    2.959207021  -13.723913707   45.076160749
    2.966277298  -13.338024127   58.501768865
    2.973347574  -12.958805158   44.833826873
    2.980417850  -12.726429000   21.461122182
    2.987488127  -12.623069653   11.560826082
    2.994558403  -12.503557784   25.727112352
    3.001628680  -12.217487707   56.250546292
    3.008698956  -11.711735063   85.143665988
    3.015769233  -11.050993918   98.388810561
    3.022839509  -10.366764234   90.758104546
    3.029909786   -9.813258149   61.747586359
    3.036980062   -9.542709180   11.528550233
    3.044050339   -9.684513788  -53.463090165
    3.051120615  -10.287642692 -114.763669706
    3.058190892  -11.247982778 -151.157084632
    3.065261168  -12.334237839 -149.575935265
    3.072331445  -13.277618545 -113.600856277
    3.079401721  -13.894712514  -60.441016027
    3.086471998  -14.140768895  -11.613861158
    3.093542274  -14.105852437   17.632998866
    3.100612551  -13.950220638   22.710826686
    3.107682827  -13.826542214    9.932404854
    3.114753104  -13.816443674   -6.690318679
    3.121823380  -13.896721532  -13.502793545
    3.128893657  -13.971659501   -5.341026821
    3.135963933  -13.954504735   10.505430710
    3.143034210  -13.841336492   18.690245396
    3.150104486  -13.733948206    7.830630750
    3.157174762  -13.772706587  -21.072340992
    3.164245039  -14.043640781  -55.018878494
    3.171315315  -14.527246144  -80.397363442
    3.178385592  -15.147681139  -93.900293403
    3.185455868  -15.845362410 -103.833811476
    3.192526145  -16.618148478 -114.866747172
    3.199596421  -17.458173223 -120.956859557
    3.206666698  -18.280158846 -107.700085864
    3.213736974  -18.917420609  -69.112610821
    3.220807251  -19.221025465  -16.118853758
    3.227877527  -19.165085680   28.024339556
    3.234947804  -18.883002178   46.722910564
    3.242018080  -18.571722576   37.584771665
    3.249088357  -18.385883596   13.515898821
    3.256158633  -18.374774376   -9.974833836
    3.263228910  -18.505984907  -26.398613699
    3.270299186  -18.737799831  -39.201701360
    3.277369463  -19.066047206  -54.029044054
    3.284439739  -19.495610267  -66.158660889
    3.291510016  -19.960361833  -61.114819199
    3.298580292  -20.283755703  -25.272095364
    3.305650569  -20.245564520   39.017551351
    3.312720845  -19.724305263  105.722866053
    3.319791121  -18.832114783  137.759558006
    3.326861398  -17.918847372  109.703387412
    3.333931674  -17.412826027   26.660466684
    3.341001951  -17.583577772  -73.996379427
    3.348072227  -18.381318778 -143.322153530
    3.355142504  -19.452656016 -148.133027442
    3.362212780  -20.331539780  -93.144795554
    3.369283057  -20.713918817  -15.419062934
    3.376353333  -20.609506674   37.313328360
    3.383423610  -20.310800575   37.111494004
    3.390493886  -20.192949461   -9.916720301
    3.397564163  -20.477125821  -69.616914926
    3.404634439  -21.115292747 -104.766793885
    3.411704716  -21.853186515  -96.984433813
    3.418774992  -22.413653264  -58.683991888
    3.425845269  -22.682781387  -20.435651638
    3.432915545  -22.766334552   -8.900358602
    3.439985822  -22.888381005  -31.508892161
    3.447056098  -23.247707490  -71.626711929
    3.454126375  -23.877930504 -103.576287690
    3.461196651  -24.635050648 -104.127503780
    3.468266928  -25.254769918  -65.225377245
    3.475337204  -25.488941050    1.135297588
    3.482407481  -25.238619024   66.748353713
    3.489477757  -24.624711249   99.660231502
    3.496548033  -23.937074055   86.506700044
    3.503618310  -23.469778740   42.574105423
    3.510688586  -23.331492612   -1.082440698
    3.517758863  -23.423800883  -19.745913945
    3.524829139  -23.546243503  -11.747755099
    3.531899416  -23.567195327    5.194524764
    3.538969692  -23.490352558   14.030431672
    3.546039969  -23.391640016   12.787956307
    3.553110245  -23.307706394   11.227445486
    3.560180522  -23.217024673   14.441707059
    3.567250798  -23.104956437   15.306449720
    3.574321075  -23.025661601    4.984775414
    3.581391351  -23.047462656  -10.556677061
    3.588461628  -23.133978600   -9.382362752
    3.595531904  -23.098387351   24.278489039
    3.602602181  -22.730606983   80.657428359
    3.609672457  -21.984325690  125.003294491
    3.616742734  -21.063437889  126.636210435
    3.623813010  -20.304354120   81.334312901
    3.630883287  -19.967378639   12.928407548
    3.637953563  -20.098988674  -46.867540709
    3.645023840  -20.554091048  -76.424867865
    3.652094116  -21.093581903  -71.519041329
    3.659164393  -21.489464910  -35.780592992
    3.666234669  -21.541589999   24.455813861
    3.673304945  -21.105371951  100.631523196
    3.680375222  -20.119303854  174.785334638
    3.687445498  -18.688784209  222.965461991
    3.694515775  -17.077943033  223.910729034
    3.701586051  -15.634449334  177.882905820
    3.708656328  -14.620557027  106.913107762
    3.715726604  -14.104639961   42.061071916
    3.722796881  -13.965454519    0.846853635
    3.729867157  -14.027932749  -15.377656996
    3.736937434  -14.148973756  -17.947837216
    3.744007710  -14.263810016  -14.214121125
    3.751077987  -14.331792566   -4.116851079
    3.758148263  -14.296796974   14.983753930
    3.765218540  -14.096149018   42.108097380
    3.772288816  -13.701989450   67.392160693
    3.779359093  -13.172381617   79.223989566
    3.786429369  -12.631372553   70.455470115
    3.793499646  -12.213684014   45.571774274
    3.800569922  -11.989290261   18.171126715
    3.807640199  -11.923916863    3.240409583
    3.814710475  -11.888970757   10.805065460
    3.821780752  -11.711239450   42.742553018
    3.828851028  -11.239806651   92.532813863
    3.835921305  -10.400591326  143.000627986
    3.842991581   -9.263131740  173.247944147
    3.850061857   -8.032004750  168.352533444
    3.857132134   -6.964384365  128.062806372
    3.864202410   -6.267812036   67.164441207
    3.871272687   -6.021690875    3.159066383
    3.878342963   -6.201067333  -51.802217654
    3.885413240   -6.721279537  -93.519544234
    3.892483516   -7.481894998 -119.113196570
    3.899553793   -8.364124664 -127.351879708
    3.906624069   -9.247085430 -120.870304292
    3.913694346  -10.060284759 -109.999569169
    3.920764622  -10.822801649 -108.316557145
    3.927834899  -11.622873667 -119.853128432
    3.934905175  -12.525706889 -134.438434462
    3.941975452  -13.487114588 -133.438663302
    3.949045728  -14.349423006 -106.348134559
    3.956116005  -14.943839247  -59.985020188
    3.963186281  -15.201909576  -15.201860012
    3.970256558  -15.211664025    7.702793100
    3.977326834  -15.162530370    1.547763869
    3.984397111  -15.241426936  -26.090036909
    3.991467387  -15.540450787  -57.951898091
    3.998537664  -16.026027708  -75.943007658
    4.005607940  -16.555531739  -69.912069166
    4.012678217  -16.953414885  -38.923761796
    4.019748493  -17.067307338    8.509010976
    4.026818769  -16.827898706   58.071064688
    4.033889046  -16.276463283   93.515810572
    4.040959322  -15.570315007  100.323781144
    4.048029599  -14.938706424   72.684357337
    4.055099875  -14.604184332   19.198289261
    4.062170152  -14.682161122  -40.837497989
    4.069240428  -15.142643228  -85.459154329
    4.076310705  -15.824090737 -102.141531667
    4.083380981  -16.516607394  -90.413677628
    4.090451258  -17.048492739  -57.960577564
    4.097521534  -17.327585594  -21.860238097
    4.104591811  -17.387385057    1.297517705
    4.111662087  -17.368649331   -0.872326857
    4.118732364  -17.452258223  -25.702746170
    4.125802640  -17.741942863  -54.955995215
    4.132872917  -18.183809000  -65.917006370
    4.139943193  -18.598756229  -46.368727772
    4.147013470  -18.785067203   -3.874640772
    4.154083746  -18.639954961   44.059932230
    4.161154023  -18.185660561   81.589803725
    4.168224299  -17.524310082  102.278181504
    4.175294576  -16.779824123  105.376826891
    4.182364852  -16.072368364   92.006744316
    4.189435129  -15.508760874   64.730904936
    4.196505405  -15.167906905   31.319105353
    4.203575681  -15.058503124    1.346825533
    4.210645958  -15.117383569  -15.366444852
    4.217716234  -15.234363769  -16.035011412
    4.224786511  -15.314240388   -6.115054562
    4.231856787  -15.319999262    3.458947942
    4.238927064  -15.286847775    3.656141836
    4.245997340  -15.299168198   -9.928329026
    4.253067617  -15.457825720  -37.138000248
    4.260137893  -15.848936095  -75.255231336
    4.267208170  -16.527858945 -115.896412305
    4.274278446  -17.462786598 -145.448261375
    4.281348723  -18.519760739 -148.630804837
    4.288418999  -19.477475205 -116.506385513
    4.295489276  -20.093022243  -53.502793264
    4.302559552  -20.203063631   21.944115446
    4.309629829  -19.811333957   84.036239736
    4.316700105  -19.102719475  108.864550568
    4.323770382  -18.380495755   88.070259986
    4.330840658  -17.925486313   37.576301177
    4.337910935  -17.845211350  -12.343490644
    4.344981211  -18.033597879  -35.575512362
    4.352051488  -18.270945106  -27.139342333
    4.359121764  -18.376381240   -1.666347556
    4.366192040  -18.302954879   19.518611953
    4.373262317  -18.130465420   25.853640931
    4.380332593  -17.967626112   18.439495504
    4.387402870  -17.882965607    4.831239529
    4.394473146  -17.890094402   -6.903803050
    4.401543423  -17.970401190  -15.743252991
    4.408613699  -18.114150210  -25.729910286
    4.415683976  -18.339513308  -38.346907556
    4.422754252  -18.652633957  -48.824741157
    4.429824529  -18.997434518  -45.889372154
    4.436894805  -19.242028437  -19.807579995
    4.443965082  -19.224283495   27.407707729
    4.451035358  -18.838485246   80.786598214
    4.458105635  -18.111423858  121.264050827
    4.465175911  -17.188922262  133.812703233
    4.472246188  -16.292162560  114.528342435
    4.479316464  -15.629006304   69.610747065
    4.486386741  -15.332779313   13.195799296
    4.493457017  -15.431076544  -39.518010022
    4.500527294  -15.857152663  -78.593451043
    4.507597570  -16.503803010 -101.652562240
    4.514667847  -17.263341647 -111.956730716
    4.521738123  -18.057045017 -111.073983844
    4.528808400  -18.807218091  -99.624208703
    4.535878676  -19.440476479  -78.843341563
    4.542948952  -19.909562479  -53.786501008
    4.550019229  -20.210609942  -32.661063814
    4.557089505  -20.392029369  -20.690441170
    4.564159782  -20.526251564  -18.688060468
    4.571230058  -20.667402939  -21.168691667
    4.578300335  -20.810651941  -17.145426575
    4.585370611  -20.870234865    2.437782070
    4.592440888  -20.734392754   36.881216498
    4.599511164  -20.349183251   70.227312304
    4.606581441  -19.792947870   81.829782339
    4.613651717  -19.264028328   62.084917068
    4.620721994  -18.967309411   18.711542245
    4.627792270  -19.009690007  -30.069894599
    4.634862547  -19.367710637  -68.446080112
    4.641932823  -19.930321816  -89.113029540
    4.649003100  -20.573661069  -89.923657253
    4.656073376  -21.162309386  -73.530944311
    4.663143653  -21.573588013  -40.433327630
    4.670213929  -21.705109660    3.083017207
    4.677284206  -21.539372475   40.572236364
    4.684354482  -21.203371432   47.122940992
    4.691424759  -20.977778557    9.050853037
    4.698495035  -21.151091944  -60.743852779
    4.705565312  -21.823312498 -124.691073550
    4.712635588  -22.803086188 -142.940429105
    4.719705864  -23.704938450 -103.962490392
    4.726776141  -24.196008489  -33.522999514
    4.733846417  -24.206179985   25.246522683
    4.740916694  -23.937277299   42.342720006
    4.747986970  -23.704658773   17.680255002
    4.755057247  -23.721878926  -22.632067730
    4.762127523  -23.982102441  -46.485089094
    4.769197800  -24.286484380  -33.090163577
    4.776268076  -24.369660428   13.037907619
    4.783338353  -24.085504081   65.517314437
    4.790408629  -23.512468223   89.691587205
    4.797478906  -22.926941159   66.690316851
    4.804549182  -22.639990621   11.216563103
    4.811619459  -22.757758334  -40.843041319
    4.818689735  -23.128791966  -57.410314577
    4.825760012  -23.470436462  -34.590601052
    4.832830288  -23.587690235   -0.302203485
    4.839900565  -23.522428778   13.277491119
    4.846970841  -23.476267992   -5.337576078
    4.854041118  -23.630662357  -39.017289355
    4.861111394  -23.995332101  -61.046072304
    4.868181671  -24.434994269  -60.781222588
    4.875251947  -24.825680441  -50.264891364
    4.882322224  -25.173078637  -51.144420598
    4.889392500  -25.595858784  -70.624818826
    4.896462776  -26.176311870  -92.583686675
    4.903533053  -26.842431420  -90.658652677
    4.910603329  -27.374605621  -55.894517462
    4.917673606  -27.591432481   -5.456148282
    4.924743882  -27.494003312   27.038667703
    4.931814159  -27.302081771   20.209803448
    4.938884435  -27.284254027  -18.247956674
    4.945954712  -27.558480109  -57.198524904
    4.953024988  -28.017851015  -67.325263187
    4.960095265  -28.431986014  -45.785233358
    4.967165541  -28.642118961  -15.244998276
    4.974235818  -28.683016437   -0.052713752
    4.981306094  -28.695920022   -6.744439983
    4.988376371  -28.792541097  -20.830620862
    4.995446647  -28.970999873  -29.040431944
    5.002516924  -29.187013665  -32.841044509
    5.009587200  -29.449275078  -43.487560893
    5.016657477  -29.822050551  -62.941120371
    5.023727753  -30.321849584  -75.335079625
    5.030798030  -30.823254860  -61.896643078
    5.037868306  -31.123574530  -20.287997509
    5.044938583  -31.087822861   28.845177216
    5.052008859  -30.767107353   55.514089347
    5.059079136  -30.390025753   44.321266972
    5.066149412  -30.213463476    2.133858375
    5.073219688  -30.378810817  -48.880332338
    5.080289965  -30.867821947  -86.843884513
    5.087360241  -31.548663636 -101.936392927
    5.094430518  -32.254525083  -94.688373165
    5.101500794  -32.840182511  -68.305537474
    5.108571071  -33.178232928  -25.534349402
    5.115641347  -33.177613090   25.725641361
    5.122711624  -32.826334671   69.560123273
    5.129781900  -32.245044106   89.747108241
    5.136852177  -31.630628504   78.903914879
    5.143922453  -31.172378908   48.255812180
    5.150992730  -30.946871160   16.233070131
    5.158063006  -30.917255274   -6.396526303
    5.165133283  -31.009292194  -18.493997612
    5.172203559  -31.155805076  -21.588833275
    5.179273836  -31.281803115  -11.958130036
    5.186344112  -31.278465213   15.084932300
    5.193414389  -31.041305929   51.841086504
    5.200484665  -30.574894712   75.032406748
    5.207554942  -30.062512864   62.373130902
    5.214625218  -29.784359076   10.381287621
    5.221695495  -29.954529900  -59.275003655
    5.228765771  -30.587083126 -115.615781488
    5.235836048  -31.497691844 -135.878011026
    5.242906324  -32.413539797 -117.946303248
    5.249976600  -33.107912566  -77.014952123
    5.257046877  -33.490887658  -32.296455801
    5.264117153  -33.592048158   -0.018310474
    5.271187430  -33.521026519   17.481410066
    5.278257706  -33.370606674   22.092179623
    5.285327983  -33.225413638   17.383977084
    5.292398259  -33.152061446    0.720594398
    5.299468536  -33.242737226  -28.387640893
    5.306538812  -33.561904136  -61.810195977
    5.313609089  -34.077550038  -79.924086481
    5.320679365  -34.609137340  -64.284206998
    5.327749642  -34.896085025  -12.704132809
    5.334819918  -34.745821018   55.016446946
    5.341890195  -34.154837667  106.245688683
    5.348960471  -33.336151250  117.121931349
    5.356030748  -32.599614842   84.108955346
    5.363101024  -32.205942007   24.039175282
    5.370171301  -32.266985855  -41.144484639
    5.377241577  -32.751945976  -93.785603832
    5.384311854  -33.534448548 -123.305268752
    5.391382130  -34.431449135 -126.572633250
    5.398452407  -35.257855358 -103.430319996
    5.405522683  -35.843196250  -59.804507592
    5.412592960  -36.071250614   -4.714990680
    5.419663236  -35.901345912   51.228749814
    5.426733512  -35.372932651   94.779375679
    5.433803789  -34.616327409  114.306366757
    5.440874065  -33.827447523  104.040842461
    5.447944342  -33.201942243   69.227268984
    5.455014618  -32.857165122   27.948572401
    5.462084895  -32.777808114   -2.882862774
    5.469155171  -32.855039018  -16.704263205
    5.476225448  -32.976051250  -17.246242995
    5.483295724  -33.083064435  -13.085403986
    5.490366001  -33.150899881   -5.336292408
    5.497436277  -33.130296728   13.034155784
    5.504506554  -32.924373080   46.217041728
    5.511576830  -32.461897654   82.638237467
    5.518647107  -31.807775045   95.415077645
    5.525717383  -31.217123076   63.905326990
    5.532787660  -30.997490096   -7.121851746
    5.539857936  -31.325586794  -83.944537717
    5.546928213  -32.099024161 -127.469168673
    5.553998489  -32.999583295 -119.682298491
    5.561068766  -33.702753903  -76.388869680
    5.568139042  -34.077050276  -32.903917989
    5.575209319  -34.232670000  -16.743697880
    5.582279595  -34.379787956  -28.250547160
    5.589349871  -34.634742994  -43.212912282
    5.596420148  -34.929062350  -35.266387614
    5.603490424  -35.070731023   -1.639115170
    5.610560701  -34.936900972   37.346182433
    5.617630977  -34.582241054   58.547348495
    5.624701254  -34.167564287   55.155815274
    5.631771530  -33.824811982   40.668828328
    5.638841807  -33.577301794   30.148372817
    5.645912083  -33.395988627   18.890442152
    5.652982360  -33.342482927   -7.678086602
    5.660052636  -33.549736195  -52.906022230
    5.667122913  -34.080885596  -94.297586473
    5.674193189  -34.787954506  -97.879809898
    5.681263466  -35.341411875  -51.391783102
    5.688333742  -35.440784649   23.390181647
    5.695404019  -35.029308850   87.619359340
    5.702474295  -34.298127810  110.761924890
    5.709544572  -33.562820387   91.305140513
    5.716614848  -33.065965640   47.065903370
    5.723685125  -32.906290055   -3.370873871
    5.730755401  -33.098951423  -51.543988291
    5.737825678  -33.630661138  -98.819097919
    5.744895954  -34.486823128 -141.786800907
    5.751966231  -35.592714470 -167.609158134
    5.759036507  -36.773279439 -161.324367018
    5.766106783  -37.779796319 -118.597666522
    5.773177060  -38.381855688  -49.846779669
    5.780247336  -38.459118480   26.790820315
    5.787317613  -38.031617638   90.535235137
    5.794387889  -37.247725370  124.757226074
    5.801458166  -36.349062380  123.252332659
    5.808528442  -35.566284494   94.958042091
    5.815598719  -35.008992334   64.227891398
    5.822668995  -34.602806958   55.292316021
    5.829739272  -34.160922870   72.885860795
    5.836809548  -33.553217855   97.311095337
    5.843879825  -32.836900267   98.616579676
    5.850950101  -32.240223012   63.992548833
    5.858020378  -31.982593981    7.038973239
    5.865090654  -32.119597596  -43.212659816
    5.872160931  -32.514928768  -63.287423616
    5.879231207  -32.929211458  -50.524047443
    5.886301484  -33.183105548  -20.899293259
    5.893371760  -33.243371969    0.234248399
    5.900442037  -33.238879317   -4.040134822
    5.907512313  -33.358577322  -33.641473210
    5.914582590  -33.718862333  -68.222832815
    5.921652866  -34.260545844  -79.433593271
    5.928723143  -34.745663879  -51.023194047
    5.935793419  -34.898386290   11.116699761
    5.942863695  -34.561612104   82.793901177
    5.949933972  -33.778151931  131.990604428
    5.957004248  -32.795179715  137.525850559
    5.964074525  -31.943348923   96.300944712
    5.971144801  -31.498700167   25.331654250
    5.978215078  -31.571927534  -44.093652694
    5.985285354  -32.048756892  -84.039847579
    5.992355631  -32.660307360  -82.859010893
    5.999425907  -33.145185818  -51.679808826
    6.006496184  -33.387656216  -20.208754609
    6.013566460  -33.490978903  -16.191147939
    6.020636737  -33.690204884  -45.326494703
    6.027707013  -34.166912202  -89.656622896
    6.034777290  -34.917166257 -119.042922822
    6.041847566  -35.754631372 -111.192524857
    6.048917843  -36.397754604  -65.605974116
    6.055988119  -36.622081836    3.933834619
    6.063058396  -36.327842411   78.127020552
    6.070128672  -35.555524692  135.733870473
    6.077198949  -34.492187040  157.164424830
    6.084269225  -33.446723235  129.083075937
    6.091339502  -32.767068449   56.931261730
    6.098409778  -32.686709398  -34.660889815
    6.105480055  -33.218244921 -111.412094420
    6.112550331  -34.164419744 -149.374150025
    6.119620607  -35.231370275 -147.240995582
    6.126690884  -36.170811215 -115.854827421
    6.133761160  -36.825834592  -68.307331268
    6.140831437  -37.125159385  -17.296279534
    6.147901713  -37.094574198   21.981173908
    6.154971990  -36.871002382   36.118279993
    6.162042266  -36.638624980   25.814190834
    6.169112543  -36.511707757   11.078435775
    6.176182819  -36.437038454   13.745301540
    6.183253096  -36.275812022   32.835060203
    6.190323372  -35.992266383   41.866500792
    6.197393649  -35.760679246   16.398134730
    6.204463925  -35.830976735  -39.519579295
    6.211534202  -36.298542416  -87.995576185
    6.218604478  -36.957357464  -88.852691823
    6.225674755  -37.409138628  -31.131583868
    6.232745031  -37.314983506   58.198591509
    6.239815308  -36.612464835  134.525774396
    6.246885584  -35.526146424  162.831605045
    6.253955861  -34.436946361  137.243769702
    6.261026137  -33.665072052   76.766324453
    6.268096414  -33.351918357   12.658406663
    6.275166690  -33.433628910  -31.521478097
    6.282236967  -33.731754460  -49.495263463
    6.289307243  -34.080255233  -46.656680332
    6.296377519  -34.364971505  -33.031899581
    6.303447796  -34.532044306  -14.722063782
    6.310518072  -34.563816697    4.758001309
    6.317588349  -34.472569160   18.790092732
    6.324658625  -34.319692885   22.153292699
    6.331728902  -34.182738965   14.885050471
    6.338799178  -34.108375681    6.603642411
    6.345869455  -34.071165702    5.384232644
    6.352939731  -34.007011885   13.261021242
    6.360010008  -33.871550815   24.545627244
    6.367080284  -33.666018005   30.947112872
    6.374150561  -33.445123474   29.558812976
    6.381220837  -33.266926902   19.330152221
    6.388291114  -33.182485358    2.956429505
    6.395361390  -33.217116649  -12.124237868
    6.402431667  -33.327262901  -17.047705534
    6.409501943  -33.412586173   -4.631906345
    6.416572220  -33.358579003   20.643622507
    6.423642496  -33.122465876   43.784972379
    6.430712773  -32.774140191   51.163758952
    6.437783049  -32.432741640   42.835503561
    6.444853326  -32.169996494   31.657595450
    6.451923602  -31.960307094   29.115646474
    6.458993879  -31.739654518   33.306909390
    6.466064155  -31.498027886   32.235330587
    6.473134431  -31.309900023   18.063285892
    6.480204708  -31.259007379   -4.427007754
    6.487274984  -31.351423409  -19.326521775
    6.494345261  -31.477519485  -12.991724740
    6.501415537  -31.476077655   15.924293647
    6.508485814  -31.221893856   55.734302857
    6.515556090  -30.696856268   90.612440138
    6.522626367  -29.978141331  109.200522527
    6.529696643  -29.186248506  112.219048761
    6.536766920  -28.407034436  106.437084311
    6.543837196  -27.675604181  100.017156165
    6.550907473  -26.981696248   96.659587305
    6.557977749  -26.302549308   95.491471435
    6.565048026  -25.627337514   94.809547385
    6.572118302  -24.959543520   92.783891043
    6.579188579  -24.320206573   87.466930646
    6.586258855  -23.727953296   79.113800556
    6.593329132  -23.199153222   69.783267758
    6.600399408  -22.728035743   63.500313691
    6.607469685  -22.286455640   61.871249593
    6.614539961  -21.851288979   60.166569282
    6.621610238  -21.451840986   50.348125982
    6.628680514  -21.172222265   25.486830110
    6.635750790  -21.114276839  -10.476824605
    6.642821067  -21.301988100  -40.407500849
    6.649891343  -21.617563453  -44.306842203
    6.656961620  -21.846309663  -15.527893418
    6.664031896  -21.794926458   30.245048095
    6.671102173  -21.434348224   68.233558134
    6.678172449  -20.884328407   82.930851318
    6.685242726  -20.306265691   77.718446649
    6.692313002  -19.791465285   68.239643726
    6.699383279  -19.323177569   65.679961391
    6.706453555  -18.843856885   70.012313550
    6.713523832  -18.328634618   74.509096284
    6.720594108  -17.802548156   72.821778608
    6.727664385  -17.313836705   64.734025284
    6.734734661  -16.893336906   54.376327301
    6.741804938  -16.538548764   45.365993111
    6.748875214  -16.241027158   38.883162939
    6.755945491  -15.994295490   29.473788045
    6.763015767  -15.838273373   12.868957714
    6.770086044  -15.835478994  -13.916259610
    6.777156320  -16.047601572  -46.622613433
    6.784226597  -16.482159286  -74.807154754
    6.791296873  -17.063372291  -85.977999386
    6.798367150  -17.636001457  -72.098016994
    6.805437426  -18.020590673  -33.451370113
    6.812507702  -18.074167532   19.497270734
    6.819577979  -17.748270666   70.433867620
    6.826648255  -17.119905916  102.921334684
    6.833718532  -16.365936846  104.671268382
    6.840788808  -15.706876280   77.166313778
    6.847859085  -15.299475321   38.207745999
    6.854929361  -15.135030075   12.392359218
    6.861999638  -15.051756705   16.420542925
    6.869069914  -14.842804612   44.728998807
    6.876140191  -14.416830755   73.037885618
    6.883210467  -13.867718647   76.232926153
    6.890280744  -13.412782829   47.790799149
    6.897351020  -13.233003323    1.440990263
    6.904421297  -13.379146798  -40.906972569
    6.911491573  -13.767164518  -66.218279564
    6.918561850  -14.272445525  -74.504787124
    6.925632126  -14.795411220  -72.081082541
    6.932702403  -15.275336703  -62.300539949
    6.939772679  -15.654452566  -43.873629951
    6.946842956  -15.870919676  -16.706266700
    6.953913232  -15.882548601   12.578545900
    6.960983509  -15.709851507   33.931302348
    6.968053785  -15.440513837   39.338608735
    6.975124062  -15.195435526   27.455202513
    6.982194338  -15.076933879    4.496921146
    6.989264614  -15.132951028  -20.308699740
    6.996334891  -15.347575955  -39.001335825
    7.003405167  -15.661409359  -48.495702257
    7.010475444  -16.020989433  -52.963695189
    7.017545720  -16.417716012  -60.724895970
    7.024615997  -16.900755166  -78.046990555
    7.031686273  -17.532510992 -100.841815760
    7.038756550  -18.310826345 -116.891715516
    7.045826826  -19.139027830 -113.811427886
    7.052897103  -19.871154311  -90.808810418
    7.059967379  -20.398851977  -58.035403415
    7.067037656  -20.701852987  -29.616090246
    7.074107932  -20.844357152  -13.363639610
    7.081178209  -20.923227763  -11.484711852
    7.088248485  -21.039093766  -23.218378383
    7.095318762  -21.273026878  -44.356486323
    7.102389038  -21.656749043  -62.539309345
    7.109459315  -22.111130809  -61.693194411
    7.116529591  -22.453861366  -30.076033736
    7.123599868  -22.476495371   25.881233113
    7.130670144  -22.084465433   81.929379233
    7.137740421  -21.381735650  110.312496124
    7.144810697  -20.616951066   99.281542585
    7.151880974  -20.045504913   58.948917569
    7.158951250  -19.792449596   12.971928633
    7.166021526  -19.823697914  -18.305108711
    7.173091803  -20.003545862  -30.016405340
    7.180162079  -20.211767829  -28.018930012
    7.187232356  -20.388545985  -22.115383704
    7.194302632  -20.528698685  -17.690470126
    7.201372909  -20.638156943  -14.000195429
    7.208443185  -20.711227354   -6.510272871
    7.215513462  -20.723825512    2.420857253
    7.222583738  -20.686621588    6.332035927
    7.229654015  -20.667221974   -3.663355236
    7.236724291  -20.780153507  -31.740089904
    7.243794568  -21.145495999  -73.363215442
    7.250864844  -21.818227546 -116.012559106
    7.257935121  -22.737190023 -139.480476351
    7.265005397  -23.695772693 -124.414306725
    7.272075674  -24.388006476  -65.021716001
    7.279145950  -24.545429311   22.071905965
    7.286216227  -24.088221246  102.580255904
    7.293286503  -23.187448202  144.063878301
    7.300356780  -22.172832737  134.053523990
    7.307427056  -21.377430173   86.465708552
    7.314497333  -20.980100213   25.940030059
    7.321567609  -20.980916795  -22.700742283
    7.328637886  -21.237085506  -45.357339127
    7.335708162  -21.552707748  -40.388648147
    7.342778438  -21.766516320  -19.025297261
    7.349848715  -21.819936259    2.458317164
    7.356918991  -21.755692518   12.974087689
    7.363989268  -21.655203630   14.114145209
    7.371059544  -21.549432395   16.701545425
    7.378129821  -21.398402589   26.825686363
    7.385200097  -21.162013401   39.269741393
    7.392270374  -20.863671089   42.460093071
    7.399340650  -20.594566268   30.778172948
    7.406410927  -20.441450219   12.122492287
    7.413481203  -20.405995180   -0.453206556
    7.420551480  -20.405545827    3.242265106
    7.427621756  -20.320998050   21.922663437
    7.434692033  -20.075099184   47.595152075
    7.441762309  -19.653590700   70.417465747
    7.448832586  -19.094696513   86.542950182
    7.455902862  -18.441899382   96.737847215
    7.462973139  -17.728119925  103.460850199
    7.470043415  -16.986659582  105.222792722
    7.477113692  -16.261928770   97.860342179
    7.484183968  -15.620900758   81.649757684
    7.491254245  -15.110621928   62.585660658
    7.498324521  -14.725540585   47.260419457
    7.505394798  -14.431141245   35.598207907
    7.512465074  -14.223775161   21.563451416
    7.519535350  -14.148374161   -2.136928404
    7.526605627  -14.274352693  -34.948853701
    7.533675903  -14.636983614  -66.810144334
    7.540746180  -15.194596828  -89.019497228
    7.547816456  -15.862240563  -98.606270511
    7.554886733  -16.559367240  -96.623263196
    7.561957009  -17.196708514  -81.249393850
    7.569027286  -17.651095516  -42.808175976
    7.576097562  -17.735912318   22.899979927
    7.583167839  -17.288076609  103.993595918
    7.590238115  -16.298392319  170.381523066
    7.597308392  -14.986007344  191.289167987
    7.604378668  -13.724417974  156.982975205
    7.611448945  -12.845225971   89.494374357
    7.618519221  -12.441638826   28.476180740
    7.625589498  -12.345887194    6.302977554
    7.632659774  -12.251147525   25.229715085
    7.639730051  -11.945016955   60.729090790
    7.646800327  -11.432619758   79.119124330
    7.653870604  -10.907441958   62.749076189
    7.660940880  -10.596328870   23.057737562
    7.668011157  -10.567970267  -12.385804430
    7.675081433  -10.697669556  -19.090616967
    7.682151710  -10.757921463    6.267763322
    7.689221986  -10.577553277   44.719634336
    7.696292262  -10.156241506   70.560584795
    7.703362539   -9.645251494   68.963829124
    7.710432815   -9.230521537   46.313526405
    7.717503092   -8.988481381   24.005835306
    7.724573368   -8.831822477   25.048077458
    7.731643645   -8.554319884   58.484839483
    7.738713921   -7.951730672  114.002972260
    7.745784198   -6.942507212  169.436137992
    7.752854474   -5.607614904  202.816418989
    7.759924751   -4.150248379  203.864594870
    7.766995027   -2.793948944  175.642943287
    7.774065304   -1.702338532  131.493031506
    7.781135580   -0.935411414   86.255379868
    7.788205857   -0.461125708   49.573378958
    7.795276133   -0.203932445   25.153159451
    7.802346410   -0.079623692   11.054158672
    7.809416686   -0.027201395    4.190604859
    7.816486963   -0.008615837    1.474729128
    7.823557239   -0.002144835    0.397763668
    7.830627516   -0.000000000   -0.000000000
    7.837697792   -0.000000000   -0.000000000
    7.844768069   -0.000000000   -0.000000000
    7.851838345   -0.000000000   -0.000000000
    7.858908621   -0.000000000   -0.000000000
    7.865978898   -0.000000000   -0.000000000
    7.873049174   -0.000000000   -0.000000000
    7.880119451   -0.000000000   -0.000000000
    7.887189727   -0.000000000   -0.000000000
    7.894260004   -0.000000000   -0.000000000
    7.901330280   -0.000000000   -0.000000000
    7.908400557   -0.000000000   -0.000000000
    7.915470833   -0.000000000   -0.000000000
    7.922541110   -0.000000000   -0.000000000
    7.929611386   -0.000000000   -0.000000000
    7.936681663   -0.000000000   -0.000000000
    7.943751939   -0.000000000   -0.000000000
    7.950822216   -0.000000000   -0.000000000
    7.957892492   -0.000000000   -0.000000000
    7.964962769   -0.000000000   -0.000000000
    7.972033045   -0.000000000   -0.000000000
    7.979103322   -0.000000000   -0.000000000
    7.986173598   -0.000000000   -0.000000000
    7.993243875   -0.000000000   -0.000000000
    8.000314151   -0.000000000   -0.000000000
    8.007384428   -0.000000000   -0.000000000
    8.014454704   -0.000000000   -0.000000000
    8.021524981   -0.000000000   -0.000000000
    8.028595257   -0.000000000   -0.000000000
    8.035665533   -0.000000000   -0.000000000
    8.042735810   -0.000000000   -0.000000000
    8.049806086   -0.000000000   -0.000000000
    8.056876363   -0.000000000   -0.000000000
    8.063946639   -0.000000000   -0.000000000
    8.071016916   -0.000000000   -0.000000000
    8.078087192   -0.000000000   -0.000000000
    8.085157469   -0.000000000   -0.000000000
    8.092227745   -0.000000000   -0.000000000
    8.099298022   -0.000000000   -0.000000000
    8.106368298   -0.000000000   -0.000000000
    8.113438575   -0.000000000   -0.000000000
    8.120508851   -0.000000000   -0.000000000
    8.127579128   -0.000000000   -0.000000000
    8.134649404   -0.000000000   -0.000000000
    8.141719681   -0.000000000   -0.000000000
    8.148789957   -0.000000000   -0.000000000
    8.155860234   -0.000000000   -0.000000000
    8.162930510   -0.000000000   -0.000000000
    8.170000787   -0.000000000   -0.000000000
    8.177071063   -0.000000000   -0.000000000
    8.184141340   -0.000000000   -0.000000000
    8.191211616   -0.000000000   -0.000000000
    8.198281893   -0.000000000   -0.000000000
    8.205352169   -0.000000000   -0.000000000
    8.212422445   -0.000000000   -0.000000000
    8.219492722   -0.000000000   -0.000000000
    8.226562998   -0.000000000   -0.000000000
    8.233633275   -0.000000000   -0.000000000
    8.240703551   -0.000000000   -0.000000000
    8.247773828   -0.000000000   -0.000000000
    8.254844104   -0.000000000   -0.000000000
    8.261914381   -0.000000000   -0.000000000
    8.268984657   -0.000000000   -0.000000000
    8.276054934   -0.000000000   -0.000000000
    8.283125210   -0.000000000   -0.000000000
    8.290195487   -0.000000000   -0.000000000
    8.297265763   -0.000000000   -0.000000000
    8.304336040   -0.000000000   -0.000000000
    8.311406316   -0.000000000   -0.000000000
    8.318476593   -0.000000000   -0.000000000
    8.325546869   -0.000000000   -0.000000000
    8.332617146   -0.000000000   -0.000000000
    8.339687422   -0.000000000   -0.000000000
    8.346757699   -0.000000000   -0.000000000
    8.353827975   -0.000000000   -0.000000000
    8.360898252   -0.000000000   -0.000000000
    8.367968528   -0.000000000   -0.000000000
    8.375038805   -0.000000000   -0.000000000
    8.382109081   -0.000000000   -0.000000000
    8.389179357   -0.000000000   -0.000000000
    8.396249634   -0.000000000   -0.000000000
    8.403319910   -0.000000000   -0.000000000
    8.410390187   -0.000000000   -0.000000000
    8.417460463   -0.000000000   -0.000000000
    8.424530740   -0.000000000   -0.000000000
    8.431601016   -0.000000000   -0.000000000
    8.438671293   -0.000000000   -0.000000000
    8.445741569   -0.000000000   -0.000000000
    8.452811846   -0.000000000   -0.000000000
    8.459882122   -0.000000000   -0.000000000
    8.466952399   -0.000000000   -0.000000000
    8.474022675   -0.000000000   -0.000000000
    8.481092952   -0.000000000   -0.000000000
    8.488163228   -0.000000000   -0.000000000
    8.495233505   -0.000000000   -0.000000000
    8.502303781   -0.000000000   -0.000000000
    8.509374058   -0.000000000   -0.000000000
    8.516444334   -0.000000000   -0.000000000
    8.523514611   -0.000000000   -0.000000000
    8.530584887   -0.000000000   -0.000000000
    8.537655164   -0.000000000   -0.000000000
    8.544725440   -0.000000000   -0.000000000
    8.551795717   -0.000000000   -0.000000000
    8.558865993   -0.000000000   -0.000000000
    8.565936269   -0.000000000   -0.000000000
    8.573006546   -0.000000000   -0.000000000
    8.580076822   -0.000000000   -0.000000000
    8.587147099   -0.000000000   -0.000000000
    8.594217375   -0.000000000   -0.000000000
    8.601287652   -0.000000000   -0.000000000
    8.608357928   -0.000000000   -0.000000000
    8.615428205   -0.000000000   -0.000000000
    8.622498481   -0.000000000   -0.000000000
    8.629568758   -0.000000000   -0.000000000
    8.636639034   -0.000000000   -0.000000000
    8.643709311   -0.000000000   -0.000000000
    8.650779587   -0.000000000   -0.000000000
    8.657849864   -0.000000000   -0.000000000
    8.664920140   -0.000000000   -0.000000000
    8.671990417   -0.000000000   -0.000000000
    8.679060693   -0.000000000   -0.000000000
    8.686130970   -0.000000000   -0.000000000
    8.693201246   -0.000000000   -0.000000000
    8.700271523   -0.000000000   -0.000000000
    8.707341799   -0.000000000   -0.000000000
    8.714412076   -0.000000000   -0.000000000
    8.721482352   -0.000000000   -0.000000000
    8.728552629   -0.000000000   -0.000000000
    8.735622905   -0.000000000   -0.000000000
    8.742693181   -0.000000000   -0.000000000
    8.749763458   -0.000000000   -0.000000000
    8.756833734   -0.000000000   -0.000000000
    8.763904011   -0.000000000   -0.000000000
    8.770974287   -0.000000000   -0.000000000
    8.778044564   -0.000000000   -0.000000000
    8.785114840   -0.000000000   -0.000000000
    8.792185117   -0.000000000   -0.000000000
    8.799255393   -0.000000000   -0.000000000
    8.806325670   -0.000000000   -0.000000000
    8.813395946   -0.000000000   -0.000000000
    8.820466223   -0.000000000   -0.000000000
    8.827536499   -0.000000000   -0.000000000
    8.834606776   -0.000000000   -0.000000000
    8.841677052   -0.000000000   -0.000000000
    8.848747329   -0.000000000   -0.000000000
    8.855817605   -0.000000000   -0.000000000
    8.862887882   -0.000000000   -0.000000000
    8.869958158   -0.000000000   -0.000000000
    8.877028435   -0.000000000   -0.000000000
    8.884098711   -0.000000000   -0.000000000
    8.891168988   -0.000000000   -0.000000000
    8.898239264   -0.000000000   -0.000000000
    8.905309540   -0.000000000   -0.000000000
    8.912379817   -0.000000000   -0.000000000
    8.919450093   -0.000000000   -0.000000000
    8.926520370   -0.000000000   -0.000000000
    8.933590646   -0.000000000   -0.000000000
    8.940660923   -0.000000000   -0.000000000
    8.947731199   -0.000000000   -0.000000000
    8.954801476   -0.000000000   -0.000000000
    8.961871752   -0.000000000   -0.000000000
    8.968942029   -0.000000000   -0.000000000
    8.976012305   -0.000000000   -0.000000000
    8.983082582   -0.000000000   -0.000000000
    8.990152858   -0.000000000   -0.000000000
    8.997223135   -0.000000000   -0.000000000
    9.004293411   -0.000000000   -0.000000000
    9.011363688   -0.000000000   -0.000000000
    9.018433964   -0.000000000   -0.000000000
    9.025504241   -0.000000000   -0.000000000
    9.032574517   -0.000000000   -0.000000000
    9.039644794   -0.000000000   -0.000000000
    9.046715070   -0.000000000   -0.000000000
    9.053785347   -0.000000000   -0.000000000
    9.060855623   -0.000000000   -0.000000000
    9.067925900   -0.000000000   -0.000000000
    9.074996176   -0.000000000   -0.000000000
    9.082066452   -0.000000000   -0.000000000
    9.089136729   -0.000000000   -0.000000000
    9.096207005   -0.000000000   -0.000000000
    9.103277282   -0.000000000   -0.000000000
    9.110347558   -0.000000000   -0.000000000
    9.117417835   -0.000000000   -0.000000000
    9.124488111   -0.000000000   -0.000000000
    9.131558388   -0.000000000   -0.000000000
    9.138628664   -0.000000000   -0.000000000
    9.145698941   -0.000000000   -0.000000000
    9.152769217   -0.000000000   -0.000000000
    9.159839494   -0.000000000   -0.000000000
    9.166909770   -0.000000000   -0.000000000
    9.173980047   -0.000000000   -0.000000000
    9.181050323   -0.000000000   -0.000000000
    9.188120600   -0.000000000   -0.000000000
    9.195190876   -0.000000000   -0.000000000
    9.202261153   -0.000000000   -0.000000000
    9.209331429   -0.000000000   -0.000000000
    9.216401706   -0.000000000   -0.000000000
    9.223471982   -0.000000000   -0.000000000
    9.230542259   -0.000000000   -0.000000000
    9.237612535   -0.000000000   -0.000000000
    9.244682812   -0.000000000   -0.000000000
    9.251753088   -0.000000000   -0.000000000
    9.258823364   -0.000000000   -0.000000000
    9.265893641   -0.000000000   -0.000000000
    9.272963917   -0.000000000   -0.000000000
    9.280034194   -0.000000000   -0.000000000
    9.287104470   -0.000000000   -0.000000000
    9.294174747   -0.000000000   -0.000000000
    9.301245023   -0.000000000   -0.000000000
    9.308315300   -0.000000000   -0.000000000
    9.315385576   -0.000000000   -0.000000000
    9.322455853   -0.000000000   -0.000000000
    9.329526129   -0.000000000   -0.000000000
    9.336596406   -0.000000000   -0.000000000
    9.343666682   -0.000000000   -0.000000000
    9.350736959   -0.000000000   -0.000000000
    9.357807235   -0.000000000   -0.000000000
    9.364877512   -0.000000000   -0.000000000
    9.371947788   -0.000000000   -0.000000000
    9.379018065   -0.000000000   -0.000000000
    9.386088341   -0.000000000   -0.000000000
    9.393158618   -0.000000000   -0.000000000
    9.400228894   -0.000000000   -0.000000000
    9.407299171   -0.000000000   -0.000000000
    9.414369447   -0.000000000   -0.000000000
    9.421439724   -0.000000000   -0.000000000
    9.428510000   -0.000000000   -0.000000000
