#! FIELDS F399_dist file.free der_F399_dist
#! SET min_F399_dist 0.350275
#! SET max_F399_dist 9.42851
#! SET nbins_F399_dist  1285
#! SET periodic_F399_dist false
    0.350275000   -0.005976289   -1.087831979
    0.357345276   -0.021993922   -3.683122076
    0.364415553   -0.069859629  -10.642509263
    0.371485829   -0.195920774  -26.863051554
    0.378556106   -0.490039014  -59.792617460
    0.385626382   -1.102807929 -118.473933885
    0.392696659   -2.244331468 -209.849509876
    0.399766935   -4.146840290 -332.608938466
    0.406837212   -6.991078005 -472.536026502
    0.413907488  -10.805474971 -601.468324757
    0.420977765  -15.389959846 -684.744670986
    0.428048041  -20.318101562 -696.037412448
    0.435118318  -25.059507061 -634.264577981
    0.442188594  -29.187231641 -529.688093712
    0.449258871  -32.567458871 -431.295768620
    0.456329147  -35.402748474 -380.070015682
    0.463399424  -38.082998816 -386.070304490
    0.470469700  -40.951507424 -428.348526774
    0.477539977  -44.155776026 -476.644527233
    0.484610253  -47.667503118 -514.390430195
    0.491680530  -51.417741597 -545.586866320
    0.498750806  -55.398129302 -581.382081704
    0.505821083  -59.658053677 -624.424645761
    0.512891359  -64.209074844 -659.433497428
    0.519961636  -68.910464666 -663.953271972
    0.527031912  -73.479327956 -620.469286686
    0.534102188  -77.580504394 -534.182919070
    0.541172465  -80.990051410 -430.807358866
    0.548242741  -83.711309436 -343.816819616
    0.555313018  -85.936929893 -292.921636199
    0.562383294  -87.927351319 -274.322783000
    0.569453571  -89.849417497 -270.395734559
    0.576523847  -91.732226873 -260.939587707
    0.583594124  -93.489460390 -233.064408713
    0.590664400  -94.968826872 -182.230228760
    0.597734677  -96.007120930 -109.398364748
    0.604804953  -96.483922020  -25.991801263
    0.611875230  -96.388788833   48.816932516
    0.618945506  -95.851078342   96.152536960
    0.626015783  -95.090950799  112.968439682
    0.633086059  -94.288784899  111.615370571
    0.640156336  -93.501808193  111.269119424
    0.647226612  -92.681819255  121.283945992
    0.654296889  -91.771786259  133.913147026
    0.661367165  -90.794341032  139.125797591
    0.668437442  -89.810830328  137.112190485
    0.675507718  -88.830720157  140.861411805
    0.682577995  -87.759378044  163.638533596
    0.689648271  -86.470091133  200.968975327
    0.696718548  -84.923215138  230.694370259
    0.703788824  -83.255842360  234.897745050
    0.710859100  -81.664364723  209.983622101
    0.717929377  -80.303914845  173.593282257
    0.724999653  -79.182978841  143.871837098
    0.732069930  -78.223178807  127.047932418
    0.739140206  -77.378931734  108.577506015
    0.746210483  -76.733227518   67.337692374
    0.753280759  -76.498181686   -7.273826414
    0.760351036  -76.880910020 -103.764264163
    0.767421312  -77.933403246 -191.737968662
    0.774491589  -79.489840248 -242.302048001
    0.781561865  -81.249556433 -250.682908937
    0.788632142  -82.964429455 -233.276006552
    0.795702418  -84.539514156 -215.033263099
    0.802772695  -86.017404835 -205.762972686
    0.809842971  -87.456545676 -202.192932093
    0.816913248  -88.865601563 -197.149892671
    0.823983524  -90.228246007 -189.397263206
    0.831053801  -91.534672205 -180.338279444
    0.838124077  -92.755862837 -163.942819596
    0.845194354  -93.795958421 -126.348993565
    0.852264630  -94.485992168  -67.511814431
    0.859334907  -94.731783980   -5.655151501
    0.866405183  -94.621529193   29.226449520
    0.873475460  -94.403964125   24.623092759
    0.880545736  -94.320626401   -3.167190217
    0.887616012  -94.419359796  -22.901680762
    0.894686289  -94.566578397  -13.905092501
    0.901756565  -94.556443706   17.095217871
    0.908826842  -94.300847076   53.837498523
    0.915897118  -93.811505950   81.587179241
    0.922967395  -93.161240595   99.295601909
    0.930037671  -92.408433772  109.901176959
    0.937107948  -91.612898467  112.178102262
    0.944178224  -90.847198309  100.033450614
    0.951248501  -90.217102552   74.884883901
    0.958318777  -89.798083472   41.321623600
    0.965389054  -89.618683743   10.318250361
    0.972459330  -89.620906032  -10.212447452
    0.979529607  -89.708505504  -13.392753141
    0.986599883  -89.762014295   -1.086915704
    0.993670160  -89.704699779   15.199472986
    1.000740436  -89.559978052   22.147389203
    1.007810713  -89.426960536   10.455952351
    1.014880989  -89.436176758  -17.378108378
    1.021951266  -89.674077731  -50.014875211
    1.029021542  -90.114385997  -72.854136333
    1.036091819  -90.632989772  -70.362910417
    1.043162095  -91.034735496  -41.792153224
    1.050232371  -91.179627276    0.034077497
    1.057302648  -91.058594786   29.177633680
    1.064372924  -90.815623734   34.487599774
    1.071443201  -90.594038268   26.079538299
    1.078513477  -90.416680090   25.147576340
    1.085583754  -90.192346622   38.280673134
    1.092654030  -89.872039199   49.159845635
    1.099724307  -89.549556343   35.410611383
    1.106794583  -89.422663934   -4.024025515
    1.113864860  -89.604044255  -46.552120331
    1.120935136  -90.005030993  -62.371632989
    1.128005413  -90.374276501  -36.725901871
    1.135075689  -90.442749820   18.136396398
    1.142145966  -90.105393926   72.939062547
    1.149216242  -89.474579447   97.610619181
    1.156286519  -88.820928776   79.223984420
    1.163356795  -88.412865742   32.288192493
    1.170427072  -88.341595291  -10.901778937
    1.177497348  -88.479442465  -22.416040621
    1.184567625  -88.566076168    0.996484170
    1.191637901  -88.407626490   43.553321750
    1.198708178  -87.951082181   82.578201500
    1.205778454  -87.265509541  106.571998236
    1.212848731  -86.463524142  117.327957183
    1.219919007  -85.625072331  116.370003036
    1.226989283  -84.835097813  103.441208059
    1.234059560  -84.175756944   80.209071562
    1.241129836  -83.688870952   57.608081523
    1.248200113  -83.311383145   52.148891309
    1.255270389  -82.881506340   72.409078215
    1.262340666  -82.232508878  110.789924820
    1.269410942  -81.309681251  146.391492362
    1.276481219  -80.211612672  157.181198788
    1.283551495  -79.148662111  137.543138828
    1.290621772  -78.309877454   96.486134741
    1.297692048  -77.789013222   48.687613901
    1.304762325  -77.603807422    1.868830344
    1.311832601  -77.756087311  -45.915275141
    1.318902878  -78.252803913  -95.492645950
    1.325973154  -79.066905485 -133.298151404
    1.333043431  -80.050484859 -139.520146183
    1.340113707  -80.945465830 -110.342305687
    1.347183984  -81.559870319  -64.502318860
    1.354254260  -81.891510245  -36.716414146
    1.361324537  -82.160579395  -46.959179943
    1.368394813  -82.616964345  -84.859802823
    1.375465090  -83.335498556 -115.307155458
    1.382535366  -84.150662042 -109.324715844
    1.389605643  -84.793561414  -70.581885766
    1.396675919  -85.137117535  -30.601738610
    1.403746195  -85.291522490  -20.152934158
    1.410816472  -85.488128323  -39.396995320
    1.417886748  -85.849942228  -62.254485747
    1.424957025  -86.295427181  -59.963028785
    1.432027301  -86.624800348  -30.855864666
    1.439097578  -86.708215638    4.236630397
    1.446167854  -86.594996027   22.676460489
    1.453238131  -86.436474771   17.968956654
    1.460308407  -86.361514023    2.523768617
    1.467378684  -86.375860392   -5.943941161
    1.474448960  -86.392152346    1.814819375
    1.481519237  -86.307119905   22.207797353
    1.488589513  -86.074582824   41.269401012
    1.495659790  -85.747272744   47.355554974
    1.502730066  -85.437442439   35.991040515
    1.509800343  -85.251440969   14.138599617
    1.516870619  -85.219569677   -5.027291005
    1.523940896  -85.280613509  -11.480828395
    1.531011172  -85.342737158   -6.519616984
    1.538081449  -85.366428884   -2.894528240
    1.545151725  -85.420117153  -17.952737880
    1.552222002  -85.660575073  -54.824180949
    1.559292278  -86.206758349  -99.934113768
    1.566362555  -87.024839065 -127.898584899
    1.573432831  -87.912876740 -117.981732914
    1.580503107  -88.593940808  -71.746211582
    1.587573384  -88.895864430  -15.435858992
    1.594643660  -88.854571284   20.127553267
    1.601713937  -88.670324152   26.432440838
    1.608784213  -88.510378696   16.666877963
    1.615854490  -88.407110069   13.566134715
    1.622924766  -88.279144840   22.702116829
    1.629995043  -88.076408562   31.776360014
    1.637065319  -87.854707485   26.932250880
    1.644135596  -87.715137351   10.493952282
    1.651205872  -87.691860032   -3.587302366
    1.658276149  -87.722837315   -3.932404739
    1.665346425  -87.710734443    6.434954952
    1.672416702  -87.612718318   20.233340158
    1.679486978  -87.424393724   31.313498130
    1.686557255  -87.162903430   41.226566274
    1.693627531  -86.836834685   48.220122722
    1.700697808  -86.483517142   49.041283797
    1.707768084  -86.162138937   37.792835659
    1.714838361  -85.957672989   17.302226991
    1.721908637  -85.921637496   -8.310928185
    1.728978914  -86.059954422  -30.214328222
    1.736049190  -86.318866594  -43.838125215
    1.743119467  -86.638954620  -46.195959475
    1.750189743  -86.954483474  -43.407724268
    1.757260019  -87.245386036  -40.873745593
    1.764330296  -87.519264036  -37.548269922
    1.771400572  -87.748332775  -26.836083748
    1.778470849  -87.856987981   -3.662888377
    1.785541125  -87.774323002   25.782075700
    1.792611402  -87.509067003   44.389830817
    1.799681678  -87.187909889   41.455468885
    1.806751955  -86.947617724   25.657865467
    1.813822231  -86.794397178   19.622065744
    1.820892508  -86.593065964   40.663827885
    1.827962784  -86.167008262   79.177193376
    1.835033061  -85.480403733  111.118888012
    1.842103337  -84.649960131  117.704445026
    1.849173614  -83.852164845  104.861496204
    1.856243890  -83.165206182   89.182817755
    1.863314167  -82.565982932   79.653992026
    1.870384443  -82.024801365   70.479048928
    1.877454720  -81.579663865   53.172192900
    1.884524996  -81.284006908   29.078778687
    1.891595273  -81.142114465   12.543856632
    1.898665549  -81.057971390   12.981729389
    1.905735826  -80.917713790   26.047838673
    1.912806102  -80.681318894   37.758444254
    1.919876379  -80.407257597   36.302424512
    1.926946655  -80.194491473   20.855737329
    1.934016931  -80.115098032    1.222710246
    1.941087208  -80.156308860  -12.492208511
    1.948157484  -80.255340137  -16.264496477
    1.955227761  -80.348858633   -9.749271934
    1.962298037  -80.378982253    0.531236065
    1.969368314  -80.333731580    9.945582462
    1.976438590  -80.246018247   10.792572542
    1.983508867  -80.215560219   -6.783990194
    1.990579143  -80.393769196  -47.991338988
    1.997649420  -80.916085351 -101.529714736
    2.004719696  -81.796298631 -145.270413428
    2.011789973  -82.890345874 -159.743836657
    2.018860249  -83.965936628 -141.100760217
    2.025930526  -84.828407880 -102.208307522
    2.033000802  -85.403130054  -62.833726199
    2.040071079  -85.744703387  -37.591388676
    2.047141355  -85.964958415  -27.899205879
    2.054211632  -86.148700679  -26.151037999
    2.061281908  -86.321210326  -23.924438683
    2.068352185  -86.476094280  -21.319512871
    2.075422461  -86.637923635  -27.629544872
    2.082492738  -86.882789522  -43.505618788
    2.089563014  -87.236516268  -55.369822264
    2.096633290  -87.599732243  -43.670885073
    2.103703567  -87.785634717   -7.236818215
    2.110773843  -87.687814415   30.718319073
    2.117844120  -87.404273461   42.237604267
    2.124914396  -87.160026139   20.607413597
    2.131984673  -87.133895851  -14.236021645
    2.139054949  -87.335845086  -41.501838280
    2.146125226  -87.687974570  -58.481902541
    2.153195502  -88.150382680  -75.073444003
    2.160265779  -88.739005249  -91.804592998
    2.167336055  -89.405314322  -92.863509085
    2.174406332  -89.968810100  -62.866918099
    2.181476608  -90.214563132   -5.680400495
    2.188546885  -90.039214107   50.586366609
    2.195617161  -89.555163362   79.066865691
    2.202687438  -88.992615424   73.475126139
    2.209757714  -88.556977331   46.503287542
    2.216827991  -88.341149682   13.519546497
    2.223898267  -88.347957220  -17.067745367
    2.230968544  -88.552252830  -40.644050904
    2.238038820  -88.895513183  -55.469472668
    2.245109097  -89.300385289  -57.533822770
    2.252179373  -89.664454270  -44.597022524
    2.259249650  -89.888464152  -19.572770566
    2.266319926  -89.914693431   10.594748470
    2.273390202  -89.738513661   36.757320223
    2.280460479  -89.417914583   50.332316210
    2.287530755  -89.057657913   47.783066364
    2.294601032  -88.762008873   33.385842072
    2.301671308  -88.577488549   19.023004573
    2.308741585  -88.455444898   16.907347027
    2.315811861  -88.283607848   33.455689621
    2.322882138  -87.942618196   61.979089230
    2.329952414  -87.399105652   89.123937131
    2.337022691  -86.710356064  100.023942970
    2.344092967  -86.021122052   90.673476537
    2.351163244  -85.450707047   69.139516390
    2.358233520  -85.027664119   50.567630139
    2.365303797  -84.680994708   48.943599373
    2.372374073  -84.289210312   62.569613279
    2.379444350  -83.791902618   74.785572814
    2.386514626  -83.263464054   69.452263803
    2.393584903  -82.849141164   43.861503041
    2.400655179  -82.650927945   11.853925182
    2.407725456  -82.636577732   -6.153413386
    2.414795732  -82.664629033    1.380489767
    2.421866009  -82.567415061   26.341335157
    2.428936285  -82.285976321   49.944905041
    2.436006562  -81.889358961   58.382190729
    2.443076838  -81.488208123   52.738879841
    2.450147114  -81.125570732   50.430495354
    2.457217391  -80.716296375   67.117188627
    2.464287667  -80.131125336   97.920446053
    2.471357944  -79.354233749  115.472553633
    2.478428220  -78.580869219   94.326809731
    2.485498497  -78.106143837   34.613144090
    2.492568773  -78.098930528  -32.076629082
    2.499639050  -78.472974330  -67.185791762
    2.506709326  -78.935746978  -59.212887702
    2.513779603  -79.240894679  -27.547680161
    2.520849879  -79.336928794   -4.317184809
    2.527920156  -79.357099882   -6.684369595
    2.534990432  -79.472291030  -29.195822701
    2.542060709  -79.764054189  -53.315620494
    2.549130985  -80.187521235  -65.028781676
    2.556201262  -80.623341264  -55.687083177
    2.563271538  -80.917264118  -25.691193367
    2.570341815  -80.947920767   17.297353129
    2.577412091  -80.675539504   57.033621996
    2.584482368  -80.180880115   77.000697582
    2.591552644  -79.638863108   69.745599643
    2.598622921  -79.231274852   42.249603016
    2.605693197  -79.041810615   11.458393290
    2.612763474  -79.021406184   -3.200947211
    2.619833750  -79.012538570    7.867827424
    2.626904026  -78.846216032   39.906199454
    2.633974303  -78.429471137   76.624067949
    2.641044579  -77.785870293  101.723951840
    2.648114856  -77.027165435  106.844331418
    2.655185132  -76.302101693   94.133580715
    2.662255409  -75.719523564   68.237529201
    2.669325685  -75.338102304   38.710792326
    2.676395962  -75.139794902   18.761371806
    2.683466238  -75.016943513   17.771705870
    2.690536515  -74.832276255   36.347574263
    2.697606791  -74.484791217   59.720823324
    2.704677068  -74.013430301   68.077657240
    2.711747344  -73.586686779   45.958599568
    2.718817621  -73.419206889   -3.134771188
    2.725887897  -73.629939579  -56.659280466
    2.732958174  -74.148988296  -85.526883542
    2.740028450  -74.735874854  -75.909858330
    2.747098727  -75.140683506  -36.624979720
    2.754169003  -75.233415239    7.784086647
    2.761239280  -75.061048844   36.105033230
    2.768309556  -74.772737856   40.211676403
    2.775379833  -74.527325403   25.954022935
    2.782450109  -74.413450919    5.287016628
    2.789520386  -74.422948138   -7.206775537
    2.796590662  -74.454604672    0.409261262
    2.803660938  -74.355278078   29.978194314
    2.810731215  -74.010915788   66.061766855
    2.817801491  -73.456211032   83.985974591
    2.824871768  -72.893764514   67.515019709
    2.831942044  -72.563914148   21.504309082
    2.839012321  -72.584270317  -25.266371019
    2.846082597  -72.844205789  -42.710477051
    2.853152874  -73.085290431  -21.396057125
    2.860223150  -73.081070921   23.354408873
    2.867293427  -72.761001311   64.298488910
    2.874363703  -72.211719959   86.022500625
    2.881433980  -71.576339857   90.679411517
    2.888504256  -70.940698016   87.478262500
    2.895574533  -70.330228184   83.635850942
    2.902644809  -69.745785796   79.980779454
    2.909715086  -69.205729597   70.116157940
    2.916785362  -68.780263000   46.996991028
    2.923855639  -68.572964025    8.005160045
    2.930925915  -68.671439241  -37.097843080
    2.937996192  -69.060630611  -71.026939796
    2.945066468  -69.605175681  -79.038563180
    2.952136745  -70.108023682  -59.713863569
    2.959207021  -70.411996669  -28.178896311
    2.966277298  -70.500545926    0.074093922
    2.973347574  -70.442594394   12.186100987
    2.980417850  -70.363591253    6.375802653
    2.987488127  -70.379091308  -13.609779118
    2.994558403  -70.572917810  -43.290670644
    3.001628680  -70.984388548  -73.545175321
    3.008698956  -71.575995859  -91.791010650
    3.015769233  -72.218032823  -85.574290655
    3.022839509  -72.716513196  -52.829555816
    3.029909786  -72.928690692   -9.145300696
    3.036980062  -72.872794960   19.781789334
    3.044050339  -72.723900059   15.864701790
    3.051120615  -72.699027355  -12.025586641
    3.058190892  -72.877825116  -36.876549370
    3.065261168  -73.146933076  -34.648502125
    3.072331445  -73.293058884   -4.816105068
    3.079401721  -73.188062357   31.899729850
    3.086471998  -72.878101005   50.338644645
    3.093542274  -72.534840413   41.741484966
    3.100612551  -72.316328089   18.499542821
    3.107682827  -72.241750031    4.362799881
    3.114753104  -72.175915710   17.896840039
    3.121823380  -71.917648760   57.249966479
    3.128893657  -71.354251131   98.077394905
    3.135963933  -70.590053171  110.774447224
    3.143034210  -69.886808589   80.503060733
    3.150104486  -69.497663881   27.866429316
    3.157174762  -69.437155497   -5.359375994
    3.164245039  -69.439979158   12.434906111
    3.171315315  -69.147610071   73.119821871
    3.178385592  -68.405546744  130.856285042
    3.185455868  -67.404838298  140.854837918
    3.192526145  -66.526997163  100.151477952
    3.199596421  -66.005936247   49.142562475
    3.206666698  -65.725613000   38.098831885
    3.213736974  -65.318189325   83.665227470
    3.220807251  -64.471723597  154.532379008
    3.227877527  -63.197883049  195.251017471
    3.234947804  -61.857701948  171.751811631
    3.242018080  -60.897449742   92.890281067
    3.249088357  -60.552121178    6.266075854
    3.256158633  -60.687172900  -36.363346482
    3.263228910  -60.902290256  -15.412356791
    3.270299186  -60.806505022   44.310716677
    3.277369463  -60.293718746   94.894941444
    3.284439739  -59.561483881  102.773583033
    3.291510016  -58.923314187   72.781516713
    3.298580292  -58.537438801   37.636352834
    3.305650569  -58.321344593   27.512235174
    3.312720845  -58.079159143   42.995344355
    3.319791121  -57.706345571   59.685312907
    3.326861398  -57.284039133   54.010202666
    3.333931674  -56.997239127   23.568043909
    3.341001951  -56.968639828  -16.809945480
    3.348072227  -57.209427033  -51.006663010
    3.355142504  -57.639307299  -68.532707899
    3.362212780  -58.122594385  -65.418641390
    3.369283057  -58.502952022  -38.885852910
    3.376353333  -58.629270760    3.981203325
    3.383423610  -58.449166637   43.041050002
    3.390493886  -58.080881141   53.778950601
    3.397564163  -57.758565733   31.770637534
    3.404634439  -57.648827268   -0.251359165
    3.411704716  -57.698575103   -8.417283354
    3.418774992  -57.675182750   19.723753513
    3.425845269  -57.374957078   62.754148312
    3.432915545  -56.829759691   84.477047704
    3.439985822  -56.280285961   62.417695503
    3.447056098  -56.015885419    8.783967637
    3.454126375  -56.152200683  -45.976365619
    3.461196651  -56.592663622  -73.371457187
    3.468266928  -57.092293360  -62.800385063
    3.475337204  -57.402219243  -21.996396650
    3.482407481  -57.371695223   29.622076824
    3.489477757  -57.016677488   66.561253197
    3.496548033  -56.508082058   68.962481999
    3.503618310  -56.106178162   40.039122547
    3.510688586  -55.956062393    2.319276765
    3.517758863  -56.009605952  -12.122333986
    3.524829139  -56.040938093    8.583085969
    3.531899416  -55.840767129   47.636746653
    3.538969692  -55.387069776   75.178293407
    3.546039969  -54.838232703   75.028476516
    3.553110245  -54.373494180   53.712059963
    3.560180522  -54.082982683   27.465815117
    3.567250798  -53.967105962    4.577180493
    3.574321075  -54.009496769  -16.605544352
    3.581391351  -54.184637426  -31.897925238
    3.588461628  -54.408815938  -28.050092605
    3.595531904  -54.521854220   -2.160679694
    3.602602181  -54.422620725   27.671184584
    3.609672457  -54.183106216   33.157037777
    3.616742734  -54.023729670    6.618285200
    3.623813010  -54.110288007  -30.802744523
    3.630883287  -54.401858771  -45.722536552
    3.637953563  -54.671374383  -25.863096855
    3.645023840  -54.714853654   12.977349641
    3.652094116  -54.507629231   40.435937811
    3.659164393  -54.199637447   42.919658501
    3.666234669  -53.929850290   32.787162551
    3.673304945  -53.701866452   33.989471745
    3.680375222  -53.399216073   52.191732310
    3.687445498  -52.963114108   67.186417450
    3.694515775  -52.514623770   53.494900053
    3.701586051  -52.273574741   11.255313277
    3.708656328  -52.347336306  -30.612929459
    3.715726604  -52.616958876  -39.088901117
    3.722796881  -52.811816368  -13.378147821
    3.729867157  -52.770541780   23.327243636
    3.736937434  -52.525243457   40.123758108
    3.744007710  -52.262062355   30.164897305
    3.751077987  -52.122870453    7.781159161
    3.758148263  -52.124205561   -6.797325986
    3.765218540  -52.171045501   -4.868991654
    3.772288816  -52.155674669    9.086391251
    3.779359093  -52.028514102   26.035461294
    3.786429369  -51.798208819   37.348466660
    3.793499646  -51.523546486   37.515435380
    3.800569922  -51.292521829   23.776648644
    3.807640199  -51.197874310    1.210992409
    3.814710475  -51.258719855  -16.440275361
    3.821780752  -51.368609755  -10.458206276
    3.828851028  -51.331150413   24.376377937
    3.835921305  -51.005853184   64.988667351
    3.842991581  -50.484018342   72.852702053
    3.850061857  -50.093152273   29.109759666
    3.857132134  -50.141996443  -45.108582793
    3.864202410  -50.671135283  -97.273118779
    3.871272687  -51.372457232  -91.185106855
    3.878342963  -51.837345052  -35.871773782
    3.885413240  -51.865755270   22.355521700
    3.892483516  -51.600136523   44.567028029
    3.899553793  -51.332709124   25.829940200
    3.906624069  -51.262037793   -6.762795396
    3.913694346  -51.389092949  -27.071633937
    3.920764622  -51.602488934  -32.401709371
    3.927834899  -51.829186316  -32.075741171
    3.934905175  -52.050438139  -29.784026150
    3.941975452  -52.225333258  -18.083640281
    3.949045728  -52.269347471    6.123889626
    3.956116005  -52.136790804   27.192622312
    3.963186281  -51.940810117   20.204687788
    3.970256558  -51.939210590  -26.133680793
    3.977326834  -52.369355746  -97.707082995
    3.984397111  -53.296456643 -160.612012097
    3.991467387  -54.543209174 -185.337687024
    3.998537664  -55.793814506 -161.727617538
    4.005607940  -56.737210165 -102.474887598
    4.012678217  -57.211195213  -33.142651823
    4.019748493  -57.242464389   19.415180365
    4.026818769  -57.012647758   39.286827274
    4.033889046  -56.754501397   28.034999303
    4.040959322  -56.639907304    3.167087296
    4.048029599  -56.682187108  -12.091226277
    4.055099875  -56.742913254   -0.282133003
    4.062170152  -56.617773467   37.599502610
    4.069240428  -56.183379636   83.827249547
    4.076310705  -55.469240310  113.014397843
    4.083380981  -54.646641400  113.508466859
    4.090451258  -53.896591731   96.719470127
    4.097521534  -53.270282487   81.617047870
    4.104591811  -52.701495429   80.661304048
    4.111662087  -52.110303152   84.820331039
    4.118732364  -51.531612706   74.360137613
    4.125802640  -51.117978098   37.794295014
    4.132872917  -51.026665355  -13.793140374
    4.139943193  -51.277405593  -54.103738532
    4.147013470  -51.708110735  -62.703846876
    4.154083746  -52.071528914  -36.440803331
    4.161154023  -52.175158801    7.012583549
    4.168224299  -51.984641827   42.806984949
    4.175294576  -51.627762637   53.325873614
    4.182364852  -51.294618687   36.418003079
    4.189435129  -51.135980194    6.468344927
    4.196505405  -51.175209916  -16.213835420
    4.203575681  -51.317689933  -21.660916437
    4.210645958  -51.453678723  -17.083012710
    4.217716234  -51.578568013  -22.840951725
    4.224786511  -51.830012572  -53.206136274
    4.231856787  -52.361366021  -97.527514125
    4.238927064  -53.152548638 -120.131446123
    4.245997340  -53.922894228  -89.388435300
    4.253067617  -54.289254902   -9.395930725
    4.260137893  -54.046307300   72.851751187
    4.267208170  -53.375740761  105.426605586
    4.274278446  -52.710983759   72.006220227
    4.281348723  -52.430873124    4.990842980
    4.288418999  -52.585540591  -42.132187636
    4.295489276  -52.888124373  -34.744582794
    4.302559552  -52.953652533   20.296291695
    4.309629829  -52.580264081   81.585003185
    4.316700105  -51.893075037  103.267251264
    4.323770382  -51.252230516   68.681604570
    4.330840658  -50.993017070    1.533842058
    4.337910935  -51.186265903  -51.767520517
    4.344981211  -51.601383282  -57.606106510
    4.352051488  -51.896393353  -21.437418160
    4.359121764  -51.879988201   23.658509755
    4.366192040  -51.614257893   44.505956455
    4.373262317  -51.318239603   33.563765077
    4.380332593  -51.174750660    5.858157070
    4.387402870  -51.226048583  -19.786139599
    4.394473146  -51.415693113  -32.810281449
    4.401543423  -51.662913779  -36.831650479
    4.408613699  -51.923974669  -37.935893372
    4.415683976  -52.188123067  -36.788918332
    4.422754252  -52.434027011  -31.967517407
    4.429824529  -52.625778492  -23.037752951
    4.436894805  -52.747119633  -12.910716306
    4.443965082  -52.814781751   -7.921154664
    4.451035358  -52.874904497  -11.169470799
    4.458105635  -52.975908600  -18.202232510
    4.465175911  -53.115446670  -21.524429773
    4.472246188  -53.249073129  -14.945447563
    4.479316464  -53.296267460    2.305050025
    4.486386741  -53.185597857   29.805265478
    4.493457017  -52.859874421   61.624186501
    4.500527294  -52.313179354   90.479522212
    4.507597570  -51.594223338  110.704986912
    4.514667847  -50.768599770  119.808549372
    4.521738123  -49.904627838  122.553691909
    4.528808400  -49.045857067  118.327878497
    4.535878676  -48.257139550  101.480934995
    4.542948952  -47.643854191   69.079531254
    4.550019229  -47.290011439   30.583966071
    4.557089505  -47.172892626    5.721547298
    4.564159782  -47.145590262    4.984559052
    4.571230058  -47.053898537   21.287738258
    4.578300335  -46.844053671   35.236437514
    4.585370611  -46.591672343   31.101115809
    4.592440888  -46.447537468    5.425228717
    4.599511164  -46.552777036  -37.717107701
    4.606581441  -46.993947047  -87.765995627
    4.613651717  -47.763055302 -126.914748833
    4.620721994  -48.704513514 -133.330732177
    4.627792270  -49.535171030  -94.303883809
    4.634862547  -49.956322790  -21.537877855
    4.641932823  -49.830598829   51.988591231
    4.649003100  -49.290946931   91.687370684
    4.656073376  -48.654756195   79.315043212
    4.663143653  -48.259272180   28.044707628
    4.670213929  -48.271329024  -30.665121883
    4.677284206  -48.637181892  -69.179733390
    4.684354482  -49.178261436  -80.431661267
    4.691424759  -49.731152723  -74.789965818
    4.698495035  -50.214619911  -61.355482275
    4.705565312  -50.573240600  -38.248761159
    4.712635588  -50.710464723    1.335767967
    4.719705864  -50.527931569   48.545218627
    4.726776141  -50.065861282   74.882630249
    4.733846417  -49.588170135   49.487370004
    4.740916694  -49.494522363  -31.687132681
    4.747986970  -50.089477347 -137.246026737
    4.755057247  -51.371825910 -217.690705064
    4.762127523  -53.011268866 -234.506675780
    4.769197800  -54.514305674 -180.869262335
    4.776268076  -55.470278267  -87.985605051
    4.783338353  -55.777318991   -5.515219387
    4.790408629  -55.671038159   24.972828918
    4.797478906  -55.556515281   -2.100971031
    4.804549182  -55.733250446  -47.668366470
    4.811619459  -56.147627885  -61.507187834
    4.818689735  -56.466834824  -21.195922128
    4.825760012  -56.367486974   49.490558258
    4.832830288  -55.812263721   98.768866785
    4.839900565  -55.105074722   90.265632790
    4.846970841  -54.655598684   30.088311316
    4.854041118  -54.696486629  -40.467888663
    4.861111394  -55.142903497  -79.337416594
    4.868181671  -55.709514664  -76.603422786
    4.875251947  -56.174115223  -55.568498430
    4.882322224  -56.536681027  -52.591117215
    4.889392500  -56.990459446  -80.368729020
    4.896462776  -57.681103834 -114.162832182
    4.903533053  -58.499397041 -109.229136750
    4.910603329  -59.072801500  -44.720096825
    4.917673606  -59.044493607   53.419847311
    4.924743882  -58.376307167  124.858045431
    4.931814159  -57.450221268  123.060047035
    4.938884435  -56.804240650   51.019261594
    4.945954712  -56.767404261  -39.186417670
    4.953024988  -57.252221510  -88.913943891
    4.960095265  -57.875391115  -79.352196474
    4.967165541  -58.287843068  -36.565352273
    4.974235818  -58.406171671   -0.897599145
    4.981306094  -58.363332682    8.460372375
    4.988376371  -58.314457091    4.047788381
    4.995446647  -58.279400244    7.087760208
    5.002516924  -58.175850468   21.277552282
    5.009587200  -57.978606842   31.292415787
    5.016657477  -57.786535030   18.003394427
    5.023727753  -57.777187693  -18.327723820
    5.030798030  -58.045895463  -57.172358894
    5.037868306  -58.516303655  -71.742592124
    5.044938583  -58.960115388  -48.188857776
    5.052008859  -59.125042610    3.574193112
    5.059079136  -58.891233795   59.783935873
    5.066149412  -58.321863666   96.422376717
    5.073219688  -57.600974300  100.928812500
    5.080289965  -56.948505483   78.988412307
    5.087360241  -56.513613973   41.832181128
    5.094430518  -56.363040990   -0.123546381
    5.101500794  -56.503053538  -39.258757821
    5.108571071  -56.884523757  -66.949905657
    5.115641347  -57.399738952  -75.827732020
    5.122711624  -57.900949144  -64.117373503
    5.129781900  -58.261496684  -36.685653783
    5.136852177  -58.399703648   -3.009847529
    5.143922453  -58.290364917   33.237910374
    5.150992730  -57.923922003   68.629310956
    5.158063006  -57.336483525   93.837074986
    5.165133283  -56.656071050   92.345027688
    5.172203559  -56.113526715   54.483539215
    5.179273836  -55.938820865   -7.821608968
    5.186344112  -56.201927076  -63.438445525
    5.193414389  -56.745221606  -83.507032529
    5.200484665  -57.281836675  -63.595749827
    5.207554942  -57.593015608  -24.811104516
    5.214625218  -57.654234538    2.439413836
    5.221695495  -57.620612445    1.287703013
    5.228765771  -57.684962423  -22.110277247
    5.235836048  -57.921918808  -43.345713228
    5.242906324  -58.227671960  -38.751057202
    5.249976600  -58.390676024   -4.659273409
    5.257046877  -58.262418277   40.051826720
    5.264117153  -57.867386543   65.462026840
    5.271187430  -57.408827262   58.126306711
    5.278257706  -57.099631486   25.418697652
    5.285327983  -57.047647378  -10.116629696
    5.292398259  -57.206654534  -34.092822284
    5.299468536  -57.497609311  -48.319073082
    5.306538812  -57.892236735  -65.674555995
    5.313609089  -58.434639264  -88.103896841
    5.320679365  -59.112512166 -100.930846907
    5.327749642  -59.777423799  -81.984683537
    5.334819918  -60.172108308  -25.077943141
    5.341890195  -60.087329544   48.016677897
    5.348960471  -59.533841908  101.979130247
    5.356030748  -58.744932795  112.189954977
    5.363101024  -58.033607686   83.547329104
    5.370171301  -57.586421997   42.679043970
    5.377241577  -57.385574566   16.237990363
    5.384311854  -57.294478808   11.416326183
    5.391382130  -57.211191505    9.901385257
    5.398452407  -57.194223772   -9.920436028
    5.405522683  -57.404586894  -53.006075185
    5.412592960  -57.940558119  -97.485021062
    5.419663236  -58.698375736 -110.495718079
    5.426733512  -59.385784088  -77.551403939
    5.433803789  -59.713515633  -13.475043496
    5.440874065  -59.581880028   47.013882839
    5.447944342  -59.121540988   76.066476973
    5.455014618  -58.576248283   72.648961136
    5.462084895  -58.127870824   52.118251383
    5.469155171  -57.837440071   29.368330352
    5.476225448  -57.698062730    8.598011043
    5.483295724  -57.714867802  -14.285186770
    5.490366001  -57.893949012  -35.664561106
    5.497436277  -58.176949895  -40.891488651
    5.504506554  -58.396664087  -17.654114732
    5.511576830  -58.368886463   25.246338602
    5.518647107  -58.056549990   56.946629489
    5.525717383  -57.658705773   47.057014908
    5.532787660  -57.490522832   -6.338956333
    5.539857936  -57.768078392  -72.317329306
    5.546928213  -58.440540987 -111.643371322
    5.553998489  -59.230336096 -105.584422100
    5.561068766  -59.842221720  -64.544798071
    5.568139042  -60.121778866  -16.508272344
    5.575209319  -60.108292431   16.549188164
    5.582279595  -59.934570108   29.018052860
    5.589349871  -59.713961494   30.929140046
    5.596420148  -59.482637295   34.643522823
    5.603490424  -59.210317975   42.653213834
    5.610560701  -58.879843843   48.206327316
    5.617630977  -58.540408570   45.541230451
    5.624701254  -58.250528287   35.416385983
    5.631771530  -58.028056742   27.281368539
    5.638841807  -57.833899843   28.293876051
    5.645912083  -57.624029241   28.236159481
    5.652982360  -57.465195012   12.585557459
    5.660052636  -57.481584897  -19.234140178
    5.667122913  -57.712063493  -43.159391134
    5.674193189  -57.994834313  -30.506615518
    5.681263466  -58.045416862   20.602459597
    5.688333742  -57.679941269   78.718213932
    5.695404019  -56.995890380  106.504630277
    5.702474295  -56.277034090   88.787823339
    5.709544572  -55.795509862   45.630350494
    5.716614848  -55.613213839    9.453728533
    5.723685125  -55.593387065   -1.666164583
    5.730755401  -55.573143367    8.192963645
    5.737825678  -55.469549194   19.449116309
    5.744895954  -55.322120859   19.681860962
    5.751966231  -55.207886163   10.627476018
    5.759036507  -55.161040275    1.752253168
    5.766106783  -55.156445839   -0.356795324
    5.773177060  -55.142721896    3.563986189
    5.780247336  -55.093696932    9.135353735
    5.787317613  -55.025583586    8.331917699
    5.794387889  -55.005051145   -5.949236343
    5.801458166  -55.130239051  -31.987570571
    5.808528442  -55.443053267  -54.890985331
    5.815598719  -55.837285818  -51.140354859
    5.822668995  -56.064504503   -7.461677872
    5.829739272  -55.872382654   63.341720558
    5.836809548  -55.186297993  125.125128972
    5.843879825  -54.207310875  141.215030005
    5.850950101  -53.315536008  102.159613578
    5.858020378  -52.842027602   28.138950404
    5.865090654  -52.906806082  -44.665956613
    5.872160931  -53.392848358  -86.906771649
    5.879231207  -54.032372450  -88.931176523
    5.886301484  -54.566043346  -58.305383765
    5.893371760  -54.821261015  -13.927720378
    5.900442037  -54.763249363   28.119874101
    5.907512313  -54.450149562   56.531501106
    5.914582590  -53.995692144   66.925241895
    5.921652866  -53.539071250   58.584249906
    5.928723143  -53.211724321   30.388161191
    5.935793419  -53.141371592  -13.588549310
    5.942863695  -53.405658739  -60.842513744
    5.949933972  -53.967377704  -95.421293436
    5.957004248  -54.684623692 -102.958117900
    5.964074525  -55.341333591  -78.445501884
    5.971144801  -55.729004235  -30.659350277
    5.978215078  -55.746404193   23.900781537
    5.985285354  -55.424114833   63.166237685
    5.992355631  -54.919945631   72.844974580
    5.999425907  -54.458305686   53.078168704
    6.006496184  -54.207965456   15.567824397
    6.013566460  -54.226735540  -20.186300640
    6.020636737  -54.443733326  -38.393233967
    6.027707013  -54.720723560  -37.457449230
    6.034777290  -54.947738102  -28.254598233
    6.041847566  -55.120287267  -22.388892646
    6.048917843  -55.277041231  -24.160984203
    6.055988119  -55.445189739  -22.875909198
    6.063058396  -55.555685861   -6.105700130
    6.070128672  -55.490403465   25.609096962
    6.077198949  -55.196567575   53.955835599
    6.084269225  -54.785390732   55.354089028
    6.091339502  -54.490179971   22.503398138
    6.098409778  -54.508414892  -28.416184052
    6.105480055  -54.858344072  -68.646476718
    6.112550331  -55.393022604  -78.118988279
    6.119620607  -55.900381044  -63.222657628
    6.126690884  -56.257111099  -38.300064015
    6.133761160  -56.433388261  -12.779521465
    6.140831437  -56.436373798   11.110842526
    6.147901713  -56.284236922   29.411134962
    6.154971990  -56.044920036   34.880839167
    6.162042266  -55.822294004   24.665094200
    6.169112543  -55.702178788    8.646131902
    6.176182819  -55.673310457    1.688956976
    6.183253096  -55.648442557    6.264352107
    6.190323372  -55.580495959    9.419238077
    6.197393649  -55.535398014   -0.043140863
    6.204463925  -55.605387165  -21.047641855
    6.211534202  -55.807105891  -33.218425046
    6.218604478  -56.009570332  -20.419363643
    6.225674755  -56.034730406   14.455020490
    6.232745031  -55.798742813   48.635273933
    6.239815308  -55.400726108   57.942944711
    6.246885584  -55.051646184   34.878342014
    6.253955861  -54.943229255   -5.450573372
    6.261026137  -55.115012525  -42.197598378
    6.268096414  -55.486135734  -60.619298903
    6.275166690  -55.928514124  -62.881153949
    6.282236967  -56.358166183  -59.392096485
    6.289307243  -56.749759462  -50.978672485
    6.296377519  -57.041943848  -28.766479554
    6.303447796  -57.101067336   14.460598277
    6.310518072  -56.803264584   68.313068965
    6.317588349  -56.174111153  102.631495058
    6.324658625  -55.453011533   92.776860374
    6.331728902  -54.960697394   40.660391576
    6.338799178  -54.897666166  -22.255087097
    6.345869455  -55.217859706  -63.206499048
    6.352939731  -55.702384046  -69.457197221
    6.360010008  -56.127430111  -48.234500917
    6.367080284  -56.349527691  -15.587282685
    6.374150561  -56.334563176   18.966284022
    6.381220837  -56.097375823   45.272490977
    6.388291114  -55.726038053   54.746248770
    6.395361390  -55.360016958   45.401216132
    6.402431667  -55.102438739   26.313890001
    6.409501943  -54.960910608   15.828066514
    6.416572220  -54.835440434   21.457876674
    6.423642496  -54.641309323   31.117054587
    6.430712773  -54.423847651   25.963963524
    6.437783049  -54.318671523    0.013749332
    6.444853326  -54.428110244  -30.778384049
    6.451923602  -54.700778662  -41.886961614
    6.458993879  -54.946108421  -23.282957107
    6.466064155  -54.973142155   16.199844115
    6.473134431  -54.702076400   58.474536831
    6.480204708  -54.173970607   87.148799003
    6.487274984  -53.510236671   96.667518608
    6.494345261  -52.839837589   89.704175996
    6.501415537  -52.264304881   70.217525988
    6.508485814  -51.860104866   41.683243398
    6.515556090  -51.685739495    5.794933837
    6.522626367  -51.784798609  -34.428839815
    6.529696643  -52.160691909  -71.042904978
    6.536766920  -52.747789755  -93.264971960
    6.543837196  -53.415780360  -92.397320533
    6.550907473  -53.995813349  -68.876468173
    6.557977749  -54.352554983  -31.314998187
    6.565048026  -54.430034446    7.554076920
    6.572118302  -54.265729561   34.699523073
    6.579188579  -53.982253942   41.833367835
    6.586258855  -53.722208020   28.340576161
    6.593329132  -53.605876450    2.278329655
    6.600399408  -53.681265288  -23.480320394
    6.607469685  -53.906201312  -38.527047249
    6.614539961  -54.186771533  -39.001197628
    6.621610238  -54.426130566  -27.859479838
    6.628680514  -54.568389878  -13.860983999
    6.635750790  -54.628367637   -5.476761569
    6.642821067  -54.660839529   -5.724106867
    6.649891343  -54.709781891  -10.527531803
    6.656961620  -54.794376221  -13.308586093
    6.664031896  -54.893995425  -16.098440511
    6.671102173  -55.024176376  -22.564160035
    6.678172449  -55.216869734  -32.529506940
    6.685242726  -55.470855434  -38.629913495
    6.692313002  -55.723583103  -30.763128986
    6.699383279  -55.867780773   -8.783107559
    6.706453555  -55.835016358   16.441851102
    6.713523832  -55.653835290   30.710991045
    6.720594108  -55.436525369   26.908517504
    6.727664385  -55.300236743   10.118191641
    6.734734661  -55.287026838   -4.964699029
    6.741804938  -55.327134347   -4.143376841
    6.748875214  -55.286992354   17.702912512
    6.755945491  -55.055016899   46.467507120
    6.763015767  -54.660145190   59.719549343
    6.770086044  -54.288000709   38.306759793
    6.777156320  -54.193022234  -16.413128488
    6.784226597  -54.535607823  -80.116450172
    6.791296873  -55.266000950 -120.810466543
    6.798367150  -56.142685629 -121.087606129
    6.805437426  -56.892009252  -87.987564917
    6.812507702  -57.361984827  -46.101458982
    6.819577979  -57.575802471  -18.876194840
    6.826648255  -57.675638687  -13.960811579
    6.833718532  -57.806901142  -25.694133006
    6.840788808  -58.036950537  -39.502434220
    6.847859085  -58.317219954  -35.902127221
    6.854929361  -58.467310838   -1.038249989
    6.861999638  -58.258419196   62.689686300
    6.869069914  -57.570585008  128.270109878
    6.876140191  -56.525007542  157.480552399
    6.883210467  -55.472122823  129.039665655
    6.890280744  -54.790053573   59.492020728
    6.897351020  -54.624631316   -9.389930394
    6.904421297  -54.820507105  -38.404583283
    6.911491573  -55.042610276  -18.438701144
    6.918561850  -55.013679410   26.422375720
    6.925632126  -54.682262621   62.664997798
    6.932702403  -54.196220991   68.525571582
    6.939772679  -53.775730506   45.651864787
    6.946842956  -53.572021522    9.863355865
    6.953913232  -53.620170446  -22.686008124
    6.960983509  -53.857041430  -42.596522528
    6.968053785  -54.172764999  -44.450879313
    6.975124062  -54.439418927  -29.044677059
    6.982194338  -54.547004675   -1.564696435
    6.989264614  -54.449429787   27.639503868
    6.996334891  -54.168023297   49.255040764
    7.003405167  -53.764668850   63.165389701
    7.010475444  -53.282748235   72.496596798
    7.017545720  -52.744339109   78.004598701
    7.024615997  -52.199670716   72.779575434
    7.031686273  -51.752488263   49.685484076
    7.038756550  -51.528457084   11.463904868
    7.045826826  -51.587037693  -27.584431169
    7.052897103  -51.874467368  -51.030973294
    7.059967379  -52.246825136  -51.747404239
    7.067037656  -52.560415729  -36.783759073
    7.074107932  -52.755238301  -20.333053012
    7.081178209  -52.871776309  -15.757165118
    7.088248485  -53.006566706  -24.483238422
    7.095318762  -53.219737584  -35.156520128
    7.102389038  -53.457133824  -29.075490352
    7.109459315  -53.562372881    2.798104633
    7.116529591  -53.378630829   48.985925090
    7.123599868  -52.896553496   81.764837386
    7.130670144  -52.310289790   75.868436944
    7.137740421  -51.919480584   27.622254069
    7.144810697  -51.945606988  -34.802925935
    7.151880974  -52.350465108  -73.839777196
    7.158951250  -52.865453920  -64.206753574
    7.166021526  -53.147419332  -10.593360983
    7.173091803  -52.979227377   56.367804150
    7.180162079  -52.389442051  104.294300767
    7.187232356  -51.589572436  114.381584622
    7.194302632  -50.854852159   87.436412612
    7.201372909  -50.396665382   38.807638030
    7.208443185  -50.289337294   -6.536192547
    7.215513462  -50.424128086  -26.820926609
    7.222583738  -50.573241619  -10.023288674
    7.229654015  -50.500131253   32.526676616
    7.236724291  -50.117290505   70.962045560
    7.243794568  -49.565892465   76.708660871
    7.250864844  -49.117895137   44.279647579
    7.257935121  -48.969133533   -2.916619022
    7.265005397  -49.100148476  -28.670369926
    7.272075674  -49.278110191  -16.697392793
    7.279145950  -49.268657669   19.975092745
    7.286216227  -49.005786631   49.901808290
    7.293286503  -48.631847194   50.134101980
    7.300356780  -48.365796328   20.707282840
    7.307427056  -48.354653271  -17.965281430
    7.314497333  -48.589745065  -46.284247670
    7.321567609  -48.951090338  -52.951020080
    7.328637886  -49.280630883  -37.717319634
    7.335708162  -49.443481431   -6.734438698
    7.342778438  -49.359694280   29.454685211
    7.349848715  -49.032655106   60.517065233
    7.356918991  -48.529960200   78.033952759
    7.363989268  -47.961479194   79.783398664
    7.371059544  -47.426709093   68.820587664
    7.378129821  -47.006313262   47.482513673
    7.385200097  -46.777904791   14.738963397
    7.392270374  -46.814984982  -26.668273164
    7.399340650  -47.138476458  -63.240382086
    7.406410927  -47.638739404  -73.234507065
    7.413481203  -48.072732485  -43.927383021
    7.420551480  -48.182583563   15.036001170
    7.427621756  -47.857716140   72.683666183
    7.434692033  -47.226192587   98.046217841
    7.441762309  -46.574261286   78.606811948
    7.448832586  -46.181218630   29.915396652
    7.455902862  -46.149365559  -19.181349291
    7.462973139  -46.387431295  -45.446650999
    7.470043415  -46.718358465  -44.316755556
    7.477113692  -46.980558662  -29.209723497
    7.484183968  -47.121104815  -11.487010466
    7.491254245  -47.136751208    6.924295267
    7.498324521  -47.001400201   32.268797216
    7.505394798  -46.650695342   67.107588302
    7.512465074  -46.040023973  104.050054991
    7.519535350  -45.213545552  125.393955040
    7.526605627  -44.334449848  116.923852155
    7.533675903  -43.625868290   79.187942210
    7.540746180  -43.252823591   24.285404394
    7.547816456  -43.273990285  -30.885972680
    7.554886733  -43.655601032  -75.252982119
    7.561957009  -44.305389308 -106.869598052
    7.569027286  -45.124663748 -122.125390042
    7.576097562  -45.976871052 -115.191763060
    7.583167839  -46.684704690  -81.226428262
    7.590238115  -47.066350860  -24.785566703
    7.597308392  -47.014650309   37.775252207
    7.604378668  -46.572863321   81.673537985
    7.611448945  -45.942156594   89.745390480
    7.618519221  -45.385592150   62.385673078
    7.625589498  -45.086726010   22.214937110
    7.632659774  -45.029505791   -2.339590996
    7.639730051  -45.039537464    3.547656477
    7.646800327  -44.928478017   27.988406765
    7.653870604  -44.657457706   43.592422420
    7.660940880  -44.366349313   33.609553826
    7.668011157  -44.226120427    2.999313975
    7.675081433  -44.309294747  -24.645715644
    7.682151710  -44.520581177  -32.263221071
    7.689221986  -44.704967306  -17.857019271
    7.696292262  -44.741038591    7.948239576
    7.703362539  -44.591661618   32.813998095
    7.710432815  -44.295205036   48.347525151
    7.717503092  -43.945941171   46.891681210
    7.724573368  -43.675322598   25.821551207
    7.731643645  -43.602408860   -6.575323042
    7.738713921  -43.740922024  -29.685118331
    7.745784198  -43.951314900  -24.163511234
    7.752854474  -44.010507468    9.898977993
    7.759924751  -43.794879053   49.139119501
    7.766995027  -43.376557086   62.104183031
    7.774065304  -43.000038638   38.377325787
    7.781135580  -42.879052761   -5.642146290
    7.788205857  -43.047970678  -38.737381321
    7.795276133  -43.344020939  -40.462446495
    7.802346410  -43.548896165  -15.966995864
    7.809416686  -43.555799131   11.895585221
    7.816486963  -43.418429845   22.610937863
    7.823557239  -43.283401495   12.317819831
    7.830627516  -43.266745676   -9.139722040
    7.837697792  -43.396791847  -26.468211641
    7.844768069  -43.602389438  -29.612297917
    7.851838345  -43.770993366  -15.981215116
    7.858908621  -43.789666861   11.806587262
    7.865978898  -43.579487265   47.487189843
    7.873049174  -43.122095310   80.422958909
    7.880119451  -42.475059150   97.156463790
    7.887189727  -41.797746194   89.329042881
    7.894260004  -41.267431507   56.839982136
    7.901330280  -41.009434668   16.639653005
    7.908400557  -40.986105063   -6.727988756
    7.915470833  -41.010548210    5.723116974
    7.922541110  -40.833207983   47.020576591
    7.929611386  -40.330528821   92.495259206
    7.936681663  -39.575995589  114.577408246
    7.943751939  -38.786687001  102.212001010
    7.950822216  -38.182434702   65.481262584
    7.957892492  -37.864451368   24.543751037
    7.964962769  -37.804559174   -5.991863135
    7.972033045  -37.922688983  -27.435389798
    7.979103322  -38.182792937  -46.712693373
    7.986173598  -38.582233422  -65.991106622
    7.993243875  -39.094202076  -77.188850677
    8.000314151  -39.622404602  -69.978820121
    8.007384428  -40.039104898  -46.876630305
    8.014454704  -40.276663739  -22.214357503
    8.021524981  -40.370579567   -7.361168280
    8.028595257  -40.400615392   -2.771611076
    8.035665533  -40.409145577    0.085305785
    8.042735810  -40.383611971    7.923790764
    8.049806086  -40.285841902   18.793359952
    8.056876363  -40.108469131   30.888750505
    8.063946639  -39.845974831   43.496539121
    8.071016916  -39.483031758   58.742833818
    8.078087192  -39.008799798   73.869115250
    8.085157469  -38.464314578   76.310698120
    8.092227745  -37.981918427   55.342666599
    8.099298022  -37.723644781   15.265123493
    8.106368298  -37.753741627  -21.176863882
    8.113438575  -37.949993503  -28.790865064
    8.120508851  -38.063743687    0.583878212
    8.127579128  -37.893153532   47.485899560
    8.134649404  -37.429940014   77.955322829
    8.141719681  -36.872568641   72.931936470
    8.148789957  -36.462418571   39.974994157
    8.155860234  -36.311057993    3.715582050
    8.162930510  -36.358759601  -13.964177631
    8.170000787  -36.453681007  -10.805453714
    8.177071063  -36.493783421   -1.610026694
    8.184141340  -36.496405167   -2.012058930
    8.191211616  -36.547943812  -14.358652806
    8.198281893  -36.692645092  -24.684184264
    8.205352169  -36.844037706  -15.257001464
    8.212422445  -36.834470381   21.212251672
    8.219492722  -36.513495816   68.821325555
    8.226562998  -35.893603012  101.203222290
    8.233633275  -35.165292135   96.952441835
    8.240703551  -34.609677184   54.466057470
    8.247773828  -34.439719825   -7.790873828
    8.254844104  -34.689836140  -60.185802609
    8.261914381  -35.191658800  -74.612699903
    8.268984657  -35.630244365  -42.337917629
    8.276054934  -35.716844907   19.694868652
    8.283125210  -35.354720500   78.680753461
    8.290195487  -34.686824222  101.532441555
    8.297265763  -34.021067142   79.021711464
    8.304336040  -33.630436765   28.518713408
    8.311406316  -33.603682221  -18.169603383
    8.318476593  -33.816119332  -36.569091298
    8.325546869  -34.032940019  -20.441411222
    8.332617146  -34.042215472   19.942061235
    8.339687422  -33.740219627   64.371556585
    8.346757699  -33.157260230   97.042601198
    8.353827975  -32.404631223  112.500659517
    8.360898252  -31.594571068  113.870880918
    8.367968528  -30.806445327  107.373113727
    8.375038805  -30.093891854   92.104575920
    8.382109081  -29.537110846   62.354479211
    8.389179357  -29.251217478   15.748690864
    8.396249634  -29.323528074  -36.104004763
    8.403319910  -29.711968349  -69.435984526
    8.410390187  -30.207603532  -63.591080817
    8.417460463  -30.516811454  -19.829166870
    8.424530740  -30.456247181   34.622569287
    8.431601016  -30.092403291   60.572134314
    8.438671293  -29.726800795   32.893336883
    8.445741569  -29.725810017  -37.894138659
    8.452811846  -30.277125438 -116.395528750
    8.459882122  -31.293294970 -164.050170918
    8.466952399  -32.478481621 -163.461853317
    8.474022675  -33.501559217 -120.522308684
    8.481092952  -34.132924392  -56.699931089
    8.488163228  -34.309587996    3.136747711
    8.495233505  -34.145012607   37.129055072
    8.502303781  -33.878859356   30.101123791
    8.509374058  -33.795833667  -11.325866619
    8.516444334  -34.049584584  -58.127564695
    8.523514611  -34.532279104  -69.907355469
    8.530584887  -34.886952842  -20.034188887
    8.537655164  -34.684200586   83.061428355
    8.544725440  -33.681202030  197.555063124
    8.551795717  -31.984308851  271.420736896
    8.558865993  -30.019508285  270.128942555
    8.565936269  -28.330414611  197.571174465
    8.573006546  -27.303571818   89.780020780
    8.580076822  -27.020362669   -4.632068954
    8.587147099  -27.269065790  -59.110937043
    8.594217375  -27.766440575  -77.748157376
    8.601287652  -28.342396848  -85.883431488
    8.608357928  -28.994367311 -100.764604693
    8.615428205  -29.769235456 -118.002077574
    8.622498481  -30.622487857 -119.813062494
    8.629568758  -31.398167322  -95.994959694
    8.636639034  -31.926656268  -51.657543903
    8.643709311  -32.117990163   -4.040900967
    8.650779587  -32.007613319   32.409144900
    8.657849864  -31.702867944   50.855343347
    8.664920140  -31.328820859   51.878557658
    8.671990417  -30.996827030   39.492556216
    8.679060693  -30.783116784   19.783933569
    8.686130970  -30.713065409    0.777007323
    8.693201246  -30.748265073   -8.814537377
    8.700271523  -30.798939356   -3.577862569
    8.707341799  -30.775001672    9.786750607
    8.714412076  -30.675181871   14.862054413
    8.721482352  -30.622553586   -5.340151136
    8.728552629  -30.810601327  -51.038491183
    8.735622905  -31.351593302 -101.094164314
    8.742693181  -32.175031167 -125.784547531
    8.749763458  -33.034299513 -111.477438456
    8.756833734  -33.683762776  -71.408520502
    8.763904011  -34.053084989  -37.782043178
    8.770974287  -34.296035588  -37.521735705
    8.778044564  -34.666537322  -72.429616524
    8.785114840  -35.338578960 -116.526686874
    8.792185117  -36.257444125 -137.892658854
    8.799255393  -37.180508898 -116.410466269
    8.806325670  -37.801493914  -54.319723808
    8.813395946  -37.903475745   25.753511676
    8.820466223  -37.461114357   94.711021170
    8.827536499  -36.645167737  128.143814714
    8.834606776  -35.754290903  115.698209013
    8.841677052  -35.097321538   64.271819648
    8.848747329  -34.880172214   -3.861331856
    8.855817605  -35.130972818  -64.460622935
    8.862887882  -35.723702575  -97.957321542
    8.869958158  -36.427497335  -95.489994547
    8.877028435  -36.989930292  -59.259138162
    8.884098711  -37.216456525   -3.962217633
    8.891168988  -37.053524100   45.717265677
    8.898239264  -36.632808261   67.036839038
    8.905309540  -36.195096679   50.255726705
    8.912379817  -35.971929125    9.736868384
    8.919450093  -36.048347667  -29.549175274
    8.926520370  -36.345360171  -51.228386594
    8.933590646  -36.723186508  -53.520678204
    8.940660923  -37.070162179  -44.171312485
    8.947731199  -37.329953972  -28.928252286
    8.954801476  -37.463656910   -8.167297109
    8.961871752  -37.430162848   16.202903444
    8.968942029  -37.233688093   37.491440367
    8.976012305  -36.939092428   40.593305908
    8.983082582  -36.705940685   20.917324405
    8.990152858  -36.679348775  -14.597688682
    8.997223135  -36.903507530  -46.399007099
    9.004293411  -37.280064928  -56.347816641
    9.011363688  -37.627523071  -39.230529456
    9.018433964  -37.791271368   -6.627774227
    9.025504241  -37.726411346   22.229126932
    9.032574517  -37.515882458   33.444601582
    9.039644794  -37.297513324   24.116112940
    9.046715070  -37.197899811    2.281613339
    9.053785347  -37.257103082  -18.241287630
    9.060855623  -37.416176178  -23.926643545
    9.067925900  -37.544513792   -9.862734411
    9.074996176  -37.523404866   15.573833992
    9.082066452  -37.336173544   34.967969226
    9.089136729  -37.076009367   33.785828483
    9.096207005  -36.896423474   13.265989941
    9.103277282  -36.894528332  -12.503409456
    9.110347558  -37.045940641  -28.354818835
    9.117417835  -37.252751169  -28.418612453
    9.124488111  -37.424479237  -20.171959831
    9.131558388  -37.540810916  -13.793553628
    9.138628664  -37.630759697  -12.969299444
    9.145698941  -37.729154278  -15.880678579
    9.152769217  -37.860211308  -22.585351223
    9.159839494  -38.061641072  -36.396475636
    9.166909770  -38.388036485  -57.332152311
    9.173980047  -38.855952974  -73.540997232
    9.181050323  -39.366924935  -66.738262072
    9.188120600  -39.718827557  -27.861308228
    9.195190876  -39.706192444   32.157702556
    9.202261153  -39.260729339   90.590789307
    9.209331429  -38.472367589  127.230169729
    9.216401706  -37.520364235  138.199968333
    9.223471982  -36.553448261  132.363396328
    9.230542259  -35.651982990  121.141759874
    9.237612535  -34.845780810  105.643343732
    9.244682812  -34.177887750   80.135887990
    9.251753088  -33.728189241   45.765403660
    9.258823364  -33.522881063   14.641189489
    9.265893641  -33.465509586    5.679677652
    9.272963917  -33.356234668   29.540667069
    9.280034194  -32.989437032   75.250259269
    9.287104470  -32.297315779  117.266700139
    9.294174747  -31.386007032  134.589627495
    9.301245023  -30.445423706  128.250749606
    9.308315300  -29.576214774  119.235619512
    9.315385576  -28.694540829  135.562017924
    9.322455853  -27.551206023  194.188211699
    9.329526129  -25.850591008  291.355713682
    9.336596406  -23.389480865  404.312176181
    9.343666682  -20.164305014  502.664260978
    9.350736959  -16.382241586  557.103827456
    9.357807235  -12.422339994  551.824789896
    9.364877512   -8.712936532  488.217780021
    9.371947788   -5.607170630  385.109903936
    9.379018065   -3.288579390  270.436168702
    9.386088341   -1.747846309  168.783820611
    9.393158618   -0.836707686   93.228875890
    9.400228894   -0.358783022   45.418193099
    9.407299171   -0.137717651   19.589929839
    9.414369447   -0.046661755    7.364734133
    9.421439724   -0.013016966    2.235359656
    9.428510000   -0.003235521    0.605452285
