#! FIELDS F399_dist file.free der_F399_dist
#! SET min_F399_dist 0.350275
#! SET max_F399_dist 9.42851
#! SET nbins_F399_dist  1285
#! SET periodic_F399_dist false
    0.350275000   -0.005976289   -1.087831979
    0.357345276   -0.021993922   -3.683122076
    0.364415553   -0.069859629  -10.642509263
    0.371485829   -0.195920774  -26.863051554
    0.378556106   -0.490039014  -59.792617460
    0.385626382   -1.102807929 -118.473933885
    0.392696659   -2.244331468 -209.849509876
    0.399766935   -4.146840290 -332.608938466
    0.406837212   -6.991078005 -472.536026502
    0.413907488  -10.805474971 -601.468324757
    0.420977765  -15.389959846 -684.744670986
    0.428048041  -20.318101562 -696.037412448
    0.435118318  -25.059507061 -634.264577981
    0.442188594  -29.187231641 -529.688093712
    0.449258871  -32.567458871 -431.295768620
    0.456329147  -35.402748474 -380.070015682
    0.463399424  -38.082998816 -386.070304490
    0.470469700  -40.951507424 -428.348526774
    0.477539977  -44.155776026 -476.644527233
    0.484610253  -47.667503118 -514.390430195
    0.491680530  -51.417741597 -545.586866320
    0.498750806  -55.398129302 -581.382081704
    0.505821083  -59.658053677 -624.424645761
    0.512891359  -64.209074844 -659.433497428
    0.519961636  -68.910464666 -663.953271972
    0.527031912  -73.479327956 -620.469286686
    0.534102188  -77.580504394 -534.182919070
    0.541172465  -80.990051410 -430.807358866
    0.548242741  -83.711309436 -343.816819616
    0.555313018  -85.936929893 -292.921636199
    0.562383294  -87.927351319 -274.322783000
    0.569453571  -89.849417497 -270.395734559
    0.576523847  -91.732226873 -260.939587707
    0.583594124  -93.489460390 -233.064408713
    0.590664400  -94.968826872 -182.230228760
    0.597734677  -96.007120930 -109.398364748
    0.604804953  -96.483922020  -25.991801263
    0.611875230  -96.388788833   48.816932516
    0.618945506  -95.851078342   96.152536960
    0.626015783  -95.090950799  112.968439682
    0.633086059  -94.288784899  111.615370571
    0.640156336  -93.501808193  111.269119424
    0.647226612  -92.681819255  121.283945992
    0.654296889  -91.771786259  133.913147026
    0.661367165  -90.794341032  139.125797591
    0.668437442  -89.810830328  137.112190485
    0.675507718  -88.830720157  140.861411805
    0.682577995  -87.759091530  163.694610204
    0.689648271  -86.469017184  201.160186303
    0.696718548  -84.919662530  231.264098380
    0.703788824  -83.245015915  236.470022638
    0.710859100  -81.635586268  213.710852212
    0.717929377  -80.235196478  181.493757721
    0.724999653  -79.034876138  158.928255059
    0.732069930  -77.931514568  153.316793298
    0.739140206  -76.845617886  151.590271867
    0.746210483  -75.815039972  134.515226069
    0.753280759  -74.992118038   93.465050864
    0.760351036  -74.514401484   40.206641561
    0.767421312  -74.377134726    0.962323496
    0.774491589  -74.405967606   -4.695779651
    0.781561865  -74.368088289   16.784294526
    0.788632142  -74.148839876   42.760894717
    0.795702418  -73.793632297   52.901293298
    0.802772695  -73.418111426   51.705377525
    0.809842971  -73.032240593   60.016748111
    0.816913248  -72.498859197   93.741151517
    0.823983524  -71.651210858  145.635611755
    0.831053801  -70.452216945  188.899454611
    0.838124077  -69.050885139  199.966735341
    0.845194354  -67.694068974  179.223208985
    0.852264630  -66.546988466  143.301976224
    0.859334907  -65.638408715  114.338798287
    0.866405183  -64.882474117  101.070287293
    0.873475460  -64.167368192  101.413055410
    0.880545736  -63.422617187  109.160250637
    0.887616012  -62.613133362  117.763512577
    0.894686289  -61.757275745  122.804664176
    0.901756565  -60.894360630  117.626609271
    0.908826842  -60.102809057  104.750718234
    0.915897118  -59.409070839   91.308978543
    0.922967395  -58.771333062   91.228893317
    0.930037671  -58.059559613  112.102596990
    0.937107948  -57.135058009  150.853889906
    0.944178224  -55.918854014  190.268642535
    0.951248501  -54.476348679  211.827568123
    0.958318777  -52.998730874  198.225218798
    0.965389054  -51.758757728  146.338390976
    0.972459330  -50.986297277   68.934306090
    0.979529607  -50.774006991   -7.489078302
    0.986599883  -51.025095485  -58.869816058
    0.993670160  -51.520891470  -77.241430951
    1.000740436  -52.052169273  -70.633109980
    1.007810713  -52.496807596  -56.286748668
    1.014880989  -52.847754777  -45.940855309
    1.021951266  -53.155169560  -41.818356736
    1.029021542  -53.439622387  -38.772908320
    1.036091819  -53.669185836  -24.525074365
    1.043162095  -53.740650407    5.409583791
    1.050232371  -53.561766032   44.985248524
    1.057302648  -53.124657372   74.979748799
    1.064372924  -52.555488266   80.522351486
    1.071443201  -52.039684169   61.120210218
    1.078513477  -51.712336601   29.891145801
    1.085583754  -51.604036834    1.280389402
    1.092654030  -51.669644632  -19.064064016
    1.099724307  -51.851945607  -32.193160042
    1.106794583  -52.106472854  -39.955924252
    1.113864860  -52.400385770  -43.404603008
    1.120935136  -52.704639036  -42.975351000
    1.128005413  -52.995985939  -39.603095430
    1.135075689  -53.250681127  -33.228889996
    1.142145966  -53.448898142  -23.518618401
    1.149216242  -53.574785540  -12.659203120
    1.156286519  -53.629882809   -3.727200707
    1.163356795  -53.616847501    8.030361318
    1.170427072  -53.476514160   33.633692258
    1.177497348  -53.080694383   81.678074954
    1.184567625  -52.281576122  144.195487568
    1.191637901  -51.049391783  199.364751005
    1.198708178  -49.535303738  220.941329866
    1.205778454  -48.028129943  196.765570742
    1.212848731  -46.832326953  136.962522556
    1.219919007  -46.115598380   64.680914633
    1.226989283  -45.879745192    5.486330174
    1.234059560  -45.958668851  -22.954942809
    1.241129836  -46.101913475  -11.751922454
    1.248200113  -46.033269927   35.261370731
    1.255270389  -45.552350142  100.861506556
    1.262340666  -44.620510146  157.515148684
    1.269410942  -43.392725219  182.942499852
    1.276481219  -42.111380108  173.437135584
    1.283551495  -40.956789406  153.850428266
    1.290621772  -39.881534948  155.623957257
    1.297692048  -38.661102689  193.597883427
    1.304762325  -37.088231922  249.782268415
    1.311832601  -35.171412820  285.739266245
    1.318902878  -33.158869371  274.121410719
    1.325973154  -31.372483830  226.397472088
    1.333043431  -29.936000786  184.468464975
    1.340113707  -28.647736250  188.723211759
    1.347183984  -27.115037056  252.392023131
    1.354254260  -24.987402996  350.776229545
    1.361324537  -22.172372320  439.699701969
    1.368394813  -18.876583791  482.797390360
    1.375465090  -15.477452633  468.625439635
    1.382535366  -12.344271941  411.487183802
    1.389605643   -9.695511599  335.432781145
    1.396675919   -7.585553784  262.941742455
    1.403746195   -5.938846203  205.335558127
    1.410816472   -4.635176097  165.924820652
    1.417886748   -3.556685880  140.522722457
    1.424957025   -2.628731782  121.587555170
    1.432027301   -1.832257288  102.688049438
    1.439097578   -1.179496843   80.414046491
    1.446167854   -0.692719504   57.065509347
    1.453238131   -0.366166417   35.795213580
    1.460308407   -0.173227686   19.759668461
    1.467378684   -0.072408677    9.440566291
    1.474448960   -0.026809287    3.941624611
    1.481519237   -0.008906290    1.466868591
    1.488589513   -0.002611162    0.476213183
    1.495659790   -0.000000000   -0.000000000
    1.502730066   -0.000000000   -0.000000000
    1.509800343   -0.000000000   -0.000000000
    1.516870619   -0.000000000   -0.000000000
    1.523940896   -0.000000000   -0.000000000
    1.531011172   -0.000000000   -0.000000000
    1.538081449   -0.000000000   -0.000000000
    1.545151725   -0.000000000   -0.000000000
    1.552222002   -0.000000000   -0.000000000
    1.559292278   -0.000000000   -0.000000000
    1.566362555   -0.000000000   -0.000000000
    1.573432831   -0.000000000   -0.000000000
    1.580503107   -0.000000000   -0.000000000
    1.587573384   -0.000000000   -0.000000000
    1.594643660   -0.000000000   -0.000000000
    1.601713937   -0.000000000   -0.000000000
    1.608784213   -0.000000000   -0.000000000
    1.615854490   -0.000000000   -0.000000000
    1.622924766   -0.000000000   -0.000000000
    1.629995043   -0.000000000   -0.000000000
    1.637065319   -0.000000000   -0.000000000
    1.644135596   -0.000000000   -0.000000000
    1.651205872   -0.000000000   -0.000000000
    1.658276149   -0.000000000   -0.000000000
    1.665346425   -0.000000000   -0.000000000
    1.672416702   -0.000000000   -0.000000000
    1.679486978   -0.000000000   -0.000000000
    1.686557255   -0.000000000   -0.000000000
    1.693627531   -0.000000000   -0.000000000
    1.700697808   -0.000000000   -0.000000000
    1.707768084   -0.000000000   -0.000000000
    1.714838361   -0.000000000   -0.000000000
    1.721908637   -0.000000000   -0.000000000
    1.728978914   -0.000000000   -0.000000000
    1.736049190   -0.000000000   -0.000000000
    1.743119467   -0.000000000   -0.000000000
    1.750189743   -0.000000000   -0.000000000
    1.757260019   -0.000000000   -0.000000000
    1.764330296   -0.000000000   -0.000000000
    1.771400572   -0.000000000   -0.000000000
    1.778470849   -0.000000000   -0.000000000
    1.785541125   -0.000000000   -0.000000000
    1.792611402   -0.000000000   -0.000000000
    1.799681678   -0.000000000   -0.000000000
    1.806751955   -0.000000000   -0.000000000
    1.813822231   -0.000000000   -0.000000000
    1.820892508   -0.000000000   -0.000000000
    1.827962784   -0.000000000   -0.000000000
    1.835033061   -0.000000000   -0.000000000
    1.842103337   -0.000000000   -0.000000000
    1.849173614   -0.000000000   -0.000000000
    1.856243890   -0.000000000   -0.000000000
    1.863314167   -0.000000000   -0.000000000
    1.870384443   -0.000000000   -0.000000000
    1.877454720   -0.000000000   -0.000000000
    1.884524996   -0.000000000   -0.000000000
    1.891595273   -0.000000000   -0.000000000
    1.898665549   -0.000000000   -0.000000000
    1.905735826   -0.000000000   -0.000000000
    1.912806102   -0.000000000   -0.000000000
    1.919876379   -0.000000000   -0.000000000
    1.926946655   -0.000000000   -0.000000000
    1.934016931   -0.000000000   -0.000000000
    1.941087208   -0.000000000   -0.000000000
    1.948157484   -0.000000000   -0.000000000
    1.955227761   -0.000000000   -0.000000000
    1.962298037   -0.000000000   -0.000000000
    1.969368314   -0.000000000   -0.000000000
    1.976438590   -0.000000000   -0.000000000
    1.983508867   -0.000000000   -0.000000000
    1.990579143   -0.000000000   -0.000000000
    1.997649420   -0.000000000   -0.000000000
    2.004719696   -0.000000000   -0.000000000
    2.011789973   -0.000000000   -0.000000000
    2.018860249   -0.000000000   -0.000000000
    2.025930526   -0.000000000   -0.000000000
    2.033000802   -0.000000000   -0.000000000
    2.040071079   -0.000000000   -0.000000000
    2.047141355   -0.000000000   -0.000000000
    2.054211632   -0.000000000   -0.000000000
    2.061281908   -0.000000000   -0.000000000
    2.068352185   -0.000000000   -0.000000000
    2.075422461   -0.000000000   -0.000000000
    2.082492738   -0.000000000   -0.000000000
    2.089563014   -0.000000000   -0.000000000
    2.096633290   -0.000000000   -0.000000000
    2.103703567   -0.000000000   -0.000000000
    2.110773843   -0.000000000   -0.000000000
    2.117844120   -0.000000000   -0.000000000
    2.124914396   -0.000000000   -0.000000000
    2.131984673   -0.000000000   -0.000000000
    2.139054949   -0.000000000   -0.000000000
    2.146125226   -0.000000000   -0.000000000
    2.153195502   -0.000000000   -0.000000000
    2.160265779   -0.000000000   -0.000000000
    2.167336055   -0.000000000   -0.000000000
    2.174406332   -0.000000000   -0.000000000
    2.181476608   -0.000000000   -0.000000000
    2.188546885   -0.000000000   -0.000000000
    2.195617161   -0.000000000   -0.000000000
    2.202687438   -0.000000000   -0.000000000
    2.209757714   -0.000000000   -0.000000000
    2.216827991   -0.000000000   -0.000000000
    2.223898267   -0.000000000   -0.000000000
    2.230968544   -0.000000000   -0.000000000
    2.238038820   -0.000000000   -0.000000000
    2.245109097   -0.000000000   -0.000000000
    2.252179373   -0.000000000   -0.000000000
    2.259249650   -0.000000000   -0.000000000
    2.266319926   -0.000000000   -0.000000000
    2.273390202   -0.000000000   -0.000000000
    2.280460479   -0.000000000   -0.000000000
    2.287530755   -0.000000000   -0.000000000
    2.294601032   -0.000000000   -0.000000000
    2.301671308   -0.000000000   -0.000000000
    2.308741585   -0.000000000   -0.000000000
    2.315811861   -0.000000000   -0.000000000
    2.322882138   -0.000000000   -0.000000000
    2.329952414   -0.000000000   -0.000000000
    2.337022691   -0.000000000   -0.000000000
    2.344092967   -0.000000000   -0.000000000
    2.351163244   -0.000000000   -0.000000000
    2.358233520   -0.000000000   -0.000000000
    2.365303797   -0.000000000   -0.000000000
    2.372374073   -0.000000000   -0.000000000
    2.379444350   -0.000000000   -0.000000000
    2.386514626   -0.000000000   -0.000000000
    2.393584903   -0.000000000   -0.000000000
    2.400655179   -0.000000000   -0.000000000
    2.407725456   -0.000000000   -0.000000000
    2.414795732   -0.000000000   -0.000000000
    2.421866009   -0.000000000   -0.000000000
    2.428936285   -0.000000000   -0.000000000
    2.436006562   -0.000000000   -0.000000000
    2.443076838   -0.000000000   -0.000000000
    2.450147114   -0.000000000   -0.000000000
    2.457217391   -0.000000000   -0.000000000
    2.464287667   -0.000000000   -0.000000000
    2.471357944   -0.000000000   -0.000000000
    2.478428220   -0.000000000   -0.000000000
    2.485498497   -0.000000000   -0.000000000
    2.492568773   -0.000000000   -0.000000000
    2.499639050   -0.000000000   -0.000000000
    2.506709326   -0.000000000   -0.000000000
    2.513779603   -0.000000000   -0.000000000
    2.520849879   -0.000000000   -0.000000000
    2.527920156   -0.000000000   -0.000000000
    2.534990432   -0.000000000   -0.000000000
    2.542060709   -0.000000000   -0.000000000
    2.549130985   -0.000000000   -0.000000000
    2.556201262   -0.000000000   -0.000000000
    2.563271538   -0.000000000   -0.000000000
    2.570341815   -0.000000000   -0.000000000
    2.577412091   -0.000000000   -0.000000000
    2.584482368   -0.000000000   -0.000000000
    2.591552644   -0.000000000   -0.000000000
    2.598622921   -0.000000000   -0.000000000
    2.605693197   -0.000000000   -0.000000000
    2.612763474   -0.000000000   -0.000000000
    2.619833750   -0.000000000   -0.000000000
    2.626904026   -0.000000000   -0.000000000
    2.633974303   -0.000000000   -0.000000000
    2.641044579   -0.000000000   -0.000000000
    2.648114856   -0.000000000   -0.000000000
    2.655185132   -0.000000000   -0.000000000
    2.662255409   -0.000000000   -0.000000000
    2.669325685   -0.000000000   -0.000000000
    2.676395962   -0.000000000   -0.000000000
    2.683466238   -0.000000000   -0.000000000
    2.690536515   -0.000000000   -0.000000000
    2.697606791   -0.000000000   -0.000000000
    2.704677068   -0.000000000   -0.000000000
    2.711747344   -0.000000000   -0.000000000
    2.718817621   -0.000000000   -0.000000000
    2.725887897   -0.000000000   -0.000000000
    2.732958174   -0.000000000   -0.000000000
    2.740028450   -0.000000000   -0.000000000
    2.747098727   -0.000000000   -0.000000000
    2.754169003   -0.000000000   -0.000000000
    2.761239280   -0.000000000   -0.000000000
    2.768309556   -0.000000000   -0.000000000
    2.775379833   -0.000000000   -0.000000000
    2.782450109   -0.000000000   -0.000000000
    2.789520386   -0.000000000   -0.000000000
    2.796590662   -0.000000000   -0.000000000
    2.803660938   -0.000000000   -0.000000000
    2.810731215   -0.000000000   -0.000000000
    2.817801491   -0.000000000   -0.000000000
    2.824871768   -0.000000000   -0.000000000
    2.831942044   -0.000000000   -0.000000000
    2.839012321   -0.000000000   -0.000000000
    2.846082597   -0.000000000   -0.000000000
    2.853152874   -0.000000000   -0.000000000
    2.860223150   -0.000000000   -0.000000000
    2.867293427   -0.000000000   -0.000000000
    2.874363703   -0.000000000   -0.000000000
    2.881433980   -0.000000000   -0.000000000
    2.888504256   -0.000000000   -0.000000000
    2.895574533   -0.000000000   -0.000000000
    2.902644809   -0.000000000   -0.000000000
    2.909715086   -0.000000000   -0.000000000
    2.916785362   -0.000000000   -0.000000000
    2.923855639   -0.000000000   -0.000000000
    2.930925915   -0.000000000   -0.000000000
    2.937996192   -0.000000000   -0.000000000
    2.945066468   -0.000000000   -0.000000000
    2.952136745   -0.000000000   -0.000000000
    2.959207021   -0.000000000   -0.000000000
    2.966277298   -0.000000000   -0.000000000
    2.973347574   -0.000000000   -0.000000000
    2.980417850   -0.000000000   -0.000000000
    2.987488127   -0.000000000   -0.000000000
    2.994558403   -0.000000000   -0.000000000
    3.001628680   -0.000000000   -0.000000000
    3.008698956   -0.000000000   -0.000000000
    3.015769233   -0.000000000   -0.000000000
    3.022839509   -0.000000000   -0.000000000
    3.029909786   -0.000000000   -0.000000000
    3.036980062   -0.000000000   -0.000000000
    3.044050339   -0.000000000   -0.000000000
    3.051120615   -0.000000000   -0.000000000
    3.058190892   -0.000000000   -0.000000000
    3.065261168   -0.000000000   -0.000000000
    3.072331445   -0.000000000   -0.000000000
    3.079401721   -0.000000000   -0.000000000
    3.086471998   -0.000000000   -0.000000000
    3.093542274   -0.000000000   -0.000000000
    3.100612551   -0.000000000   -0.000000000
    3.107682827   -0.000000000   -0.000000000
    3.114753104   -0.000000000   -0.000000000
    3.121823380   -0.000000000   -0.000000000
    3.128893657   -0.000000000   -0.000000000
    3.135963933   -0.000000000   -0.000000000
    3.143034210   -0.000000000   -0.000000000
    3.150104486   -0.000000000   -0.000000000
    3.157174762   -0.000000000   -0.000000000
    3.164245039   -0.000000000   -0.000000000
    3.171315315   -0.000000000   -0.000000000
    3.178385592   -0.000000000   -0.000000000
    3.185455868   -0.000000000   -0.000000000
    3.192526145   -0.000000000   -0.000000000
    3.199596421   -0.000000000   -0.000000000
    3.206666698   -0.000000000   -0.000000000
    3.213736974   -0.000000000   -0.000000000
    3.220807251   -0.000000000   -0.000000000
    3.227877527   -0.000000000   -0.000000000
    3.234947804   -0.000000000   -0.000000000
    3.242018080   -0.000000000   -0.000000000
    3.249088357   -0.000000000   -0.000000000
    3.256158633   -0.000000000   -0.000000000
    3.263228910   -0.000000000   -0.000000000
    3.270299186   -0.000000000   -0.000000000
    3.277369463   -0.000000000   -0.000000000
    3.284439739   -0.000000000   -0.000000000
    3.291510016   -0.000000000   -0.000000000
    3.298580292   -0.000000000   -0.000000000
    3.305650569   -0.000000000   -0.000000000
    3.312720845   -0.000000000   -0.000000000
    3.319791121   -0.000000000   -0.000000000
    3.326861398   -0.000000000   -0.000000000
    3.333931674   -0.000000000   -0.000000000
    3.341001951   -0.000000000   -0.000000000
    3.348072227   -0.000000000   -0.000000000
    3.355142504   -0.000000000   -0.000000000
    3.362212780   -0.000000000   -0.000000000
    3.369283057   -0.000000000   -0.000000000
    3.376353333   -0.000000000   -0.000000000
    3.383423610   -0.000000000   -0.000000000
    3.390493886   -0.000000000   -0.000000000
    3.397564163   -0.000000000   -0.000000000
    3.404634439   -0.000000000   -0.000000000
    3.411704716   -0.000000000   -0.000000000
    3.418774992   -0.000000000   -0.000000000
    3.425845269   -0.000000000   -0.000000000
    3.432915545   -0.000000000   -0.000000000
    3.439985822   -0.000000000   -0.000000000
    3.447056098   -0.000000000   -0.000000000
    3.454126375   -0.000000000   -0.000000000
    3.461196651   -0.000000000   -0.000000000
    3.468266928   -0.000000000   -0.000000000
    3.475337204   -0.000000000   -0.000000000
    3.482407481   -0.000000000   -0.000000000
    3.489477757   -0.000000000   -0.000000000
    3.496548033   -0.000000000   -0.000000000
    3.503618310   -0.000000000   -0.000000000
    3.510688586   -0.000000000   -0.000000000
    3.517758863   -0.000000000   -0.000000000
    3.524829139   -0.000000000   -0.000000000
    3.531899416   -0.000000000   -0.000000000
    3.538969692   -0.000000000   -0.000000000
    3.546039969   -0.000000000   -0.000000000
    3.553110245   -0.000000000   -0.000000000
    3.560180522   -0.000000000   -0.000000000
    3.567250798   -0.000000000   -0.000000000
    3.574321075   -0.000000000   -0.000000000
    3.581391351   -0.000000000   -0.000000000
    3.588461628   -0.000000000   -0.000000000
    3.595531904   -0.000000000   -0.000000000
    3.602602181   -0.000000000   -0.000000000
    3.609672457   -0.000000000   -0.000000000
    3.616742734   -0.000000000   -0.000000000
    3.623813010   -0.000000000   -0.000000000
    3.630883287   -0.000000000   -0.000000000
    3.637953563   -0.000000000   -0.000000000
    3.645023840   -0.000000000   -0.000000000
    3.652094116   -0.000000000   -0.000000000
    3.659164393   -0.000000000   -0.000000000
    3.666234669   -0.000000000   -0.000000000
    3.673304945   -0.000000000   -0.000000000
    3.680375222   -0.000000000   -0.000000000
    3.687445498   -0.000000000   -0.000000000
    3.694515775   -0.000000000   -0.000000000
    3.701586051   -0.000000000   -0.000000000
    3.708656328   -0.000000000   -0.000000000
    3.715726604   -0.000000000   -0.000000000
    3.722796881   -0.000000000   -0.000000000
    3.729867157   -0.000000000   -0.000000000
    3.736937434   -0.000000000   -0.000000000
    3.744007710   -0.000000000   -0.000000000
    3.751077987   -0.000000000   -0.000000000
    3.758148263   -0.000000000   -0.000000000
    3.765218540   -0.000000000   -0.000000000
    3.772288816   -0.000000000   -0.000000000
    3.779359093   -0.000000000   -0.000000000
    3.786429369   -0.000000000   -0.000000000
    3.793499646   -0.000000000   -0.000000000
    3.800569922   -0.000000000   -0.000000000
    3.807640199   -0.000000000   -0.000000000
    3.814710475   -0.000000000   -0.000000000
    3.821780752   -0.000000000   -0.000000000
    3.828851028   -0.000000000   -0.000000000
    3.835921305   -0.000000000   -0.000000000
    3.842991581   -0.000000000   -0.000000000
    3.850061857   -0.000000000   -0.000000000
    3.857132134   -0.000000000   -0.000000000
    3.864202410   -0.000000000   -0.000000000
    3.871272687   -0.000000000   -0.000000000
    3.878342963   -0.000000000   -0.000000000
    3.885413240   -0.000000000   -0.000000000
    3.892483516   -0.000000000   -0.000000000
    3.899553793   -0.000000000   -0.000000000
    3.906624069   -0.000000000   -0.000000000
    3.913694346   -0.000000000   -0.000000000
    3.920764622   -0.000000000   -0.000000000
    3.927834899   -0.000000000   -0.000000000
    3.934905175   -0.000000000   -0.000000000
    3.941975452   -0.000000000   -0.000000000
    3.949045728   -0.000000000   -0.000000000
    3.956116005   -0.000000000   -0.000000000
    3.963186281   -0.000000000   -0.000000000
    3.970256558   -0.000000000   -0.000000000
    3.977326834   -0.000000000   -0.000000000
    3.984397111   -0.000000000   -0.000000000
    3.991467387   -0.000000000   -0.000000000
    3.998537664   -0.000000000   -0.000000000
    4.005607940   -0.000000000   -0.000000000
    4.012678217   -0.000000000   -0.000000000
    4.019748493   -0.000000000   -0.000000000
    4.026818769   -0.000000000   -0.000000000
    4.033889046   -0.000000000   -0.000000000
    4.040959322   -0.000000000   -0.000000000
    4.048029599   -0.000000000   -0.000000000
    4.055099875   -0.000000000   -0.000000000
    4.062170152   -0.000000000   -0.000000000
    4.069240428   -0.000000000   -0.000000000
    4.076310705   -0.000000000   -0.000000000
    4.083380981   -0.000000000   -0.000000000
    4.090451258   -0.000000000   -0.000000000
    4.097521534   -0.000000000   -0.000000000
    4.104591811   -0.000000000   -0.000000000
    4.111662087   -0.000000000   -0.000000000
    4.118732364   -0.000000000   -0.000000000
    4.125802640   -0.000000000   -0.000000000
    4.132872917   -0.000000000   -0.000000000
    4.139943193   -0.000000000   -0.000000000
    4.147013470   -0.000000000   -0.000000000
    4.154083746   -0.000000000   -0.000000000
    4.161154023   -0.000000000   -0.000000000
    4.168224299   -0.000000000   -0.000000000
    4.175294576   -0.000000000   -0.000000000
    4.182364852   -0.000000000   -0.000000000
    4.189435129   -0.000000000   -0.000000000
    4.196505405   -0.000000000   -0.000000000
    4.203575681   -0.000000000   -0.000000000
    4.210645958   -0.000000000   -0.000000000
    4.217716234   -0.000000000   -0.000000000
    4.224786511   -0.000000000   -0.000000000
    4.231856787   -0.000000000   -0.000000000
    4.238927064   -0.000000000   -0.000000000
    4.245997340   -0.000000000   -0.000000000
    4.253067617   -0.000000000   -0.000000000
    4.260137893   -0.000000000   -0.000000000
    4.267208170   -0.000000000   -0.000000000
    4.274278446   -0.000000000   -0.000000000
    4.281348723   -0.000000000   -0.000000000
    4.288418999   -0.000000000   -0.000000000
    4.295489276   -0.000000000   -0.000000000
    4.302559552   -0.000000000   -0.000000000
    4.309629829   -0.000000000   -0.000000000
    4.316700105   -0.000000000   -0.000000000
    4.323770382   -0.000000000   -0.000000000
    4.330840658   -0.000000000   -0.000000000
    4.337910935   -0.000000000   -0.000000000
    4.344981211   -0.000000000   -0.000000000
    4.352051488   -0.000000000   -0.000000000
    4.359121764   -0.000000000   -0.000000000
    4.366192040   -0.000000000   -0.000000000
    4.373262317   -0.000000000   -0.000000000
    4.380332593   -0.000000000   -0.000000000
    4.387402870   -0.000000000   -0.000000000
    4.394473146   -0.000000000   -0.000000000
    4.401543423   -0.000000000   -0.000000000
    4.408613699   -0.000000000   -0.000000000
    4.415683976   -0.000000000   -0.000000000
    4.422754252   -0.000000000   -0.000000000
    4.429824529   -0.000000000   -0.000000000
    4.436894805   -0.000000000   -0.000000000
    4.443965082   -0.000000000   -0.000000000
    4.451035358   -0.000000000   -0.000000000
    4.458105635   -0.000000000   -0.000000000
    4.465175911   -0.000000000   -0.000000000
    4.472246188   -0.000000000   -0.000000000
    4.479316464   -0.000000000   -0.000000000
    4.486386741   -0.000000000   -0.000000000
    4.493457017   -0.000000000   -0.000000000
    4.500527294   -0.000000000   -0.000000000
    4.507597570   -0.000000000   -0.000000000
    4.514667847   -0.000000000   -0.000000000
    4.521738123   -0.000000000   -0.000000000
    4.528808400   -0.000000000   -0.000000000
    4.535878676   -0.000000000   -0.000000000
    4.542948952   -0.000000000   -0.000000000
    4.550019229   -0.000000000   -0.000000000
    4.557089505   -0.000000000   -0.000000000
    4.564159782   -0.000000000   -0.000000000
    4.571230058   -0.000000000   -0.000000000
    4.578300335   -0.000000000   -0.000000000
    4.585370611   -0.000000000   -0.000000000
    4.592440888   -0.000000000   -0.000000000
    4.599511164   -0.000000000   -0.000000000
    4.606581441   -0.000000000   -0.000000000
    4.613651717   -0.000000000   -0.000000000
    4.620721994   -0.000000000   -0.000000000
    4.627792270   -0.000000000   -0.000000000
    4.634862547   -0.000000000   -0.000000000
    4.641932823   -0.000000000   -0.000000000
    4.649003100   -0.000000000   -0.000000000
    4.656073376   -0.000000000   -0.000000000
    4.663143653   -0.000000000   -0.000000000
    4.670213929   -0.000000000   -0.000000000
    4.677284206   -0.000000000   -0.000000000
    4.684354482   -0.000000000   -0.000000000
    4.691424759   -0.000000000   -0.000000000
    4.698495035   -0.000000000   -0.000000000
    4.705565312   -0.000000000   -0.000000000
    4.712635588   -0.000000000   -0.000000000
    4.719705864   -0.000000000   -0.000000000
    4.726776141   -0.000000000   -0.000000000
    4.733846417   -0.000000000   -0.000000000
    4.740916694   -0.000000000   -0.000000000
    4.747986970   -0.000000000   -0.000000000
    4.755057247   -0.000000000   -0.000000000
    4.762127523   -0.000000000   -0.000000000
    4.769197800   -0.000000000   -0.000000000
    4.776268076   -0.000000000   -0.000000000
    4.783338353   -0.000000000   -0.000000000
    4.790408629   -0.000000000   -0.000000000
    4.797478906   -0.000000000   -0.000000000
    4.804549182   -0.000000000   -0.000000000
    4.811619459   -0.000000000   -0.000000000
    4.818689735   -0.000000000   -0.000000000
    4.825760012   -0.000000000   -0.000000000
    4.832830288   -0.000000000   -0.000000000
    4.839900565   -0.000000000   -0.000000000
    4.846970841   -0.000000000   -0.000000000
    4.854041118   -0.000000000   -0.000000000
    4.861111394   -0.000000000   -0.000000000
    4.868181671   -0.000000000   -0.000000000
    4.875251947   -0.000000000   -0.000000000
    4.882322224   -0.000000000   -0.000000000
    4.889392500   -0.000000000   -0.000000000
    4.896462776   -0.000000000   -0.000000000
    4.903533053   -0.000000000   -0.000000000
    4.910603329   -0.000000000   -0.000000000
    4.917673606   -0.000000000   -0.000000000
    4.924743882   -0.000000000   -0.000000000
    4.931814159   -0.000000000   -0.000000000
    4.938884435   -0.000000000   -0.000000000
    4.945954712   -0.000000000   -0.000000000
    4.953024988   -0.000000000   -0.000000000
    4.960095265   -0.000000000   -0.000000000
    4.967165541   -0.000000000   -0.000000000
    4.974235818   -0.000000000   -0.000000000
    4.981306094   -0.000000000   -0.000000000
    4.988376371   -0.000000000   -0.000000000
    4.995446647   -0.000000000   -0.000000000
    5.002516924   -0.000000000   -0.000000000
    5.009587200   -0.000000000   -0.000000000
    5.016657477   -0.000000000   -0.000000000
    5.023727753   -0.000000000   -0.000000000
    5.030798030   -0.000000000   -0.000000000
    5.037868306   -0.000000000   -0.000000000
    5.044938583   -0.000000000   -0.000000000
    5.052008859   -0.000000000   -0.000000000
    5.059079136   -0.000000000   -0.000000000
    5.066149412   -0.000000000   -0.000000000
    5.073219688   -0.000000000   -0.000000000
    5.080289965   -0.000000000   -0.000000000
    5.087360241   -0.000000000   -0.000000000
    5.094430518   -0.000000000   -0.000000000
    5.101500794   -0.000000000   -0.000000000
    5.108571071   -0.000000000   -0.000000000
    5.115641347   -0.000000000   -0.000000000
    5.122711624   -0.000000000   -0.000000000
    5.129781900   -0.000000000   -0.000000000
    5.136852177   -0.000000000   -0.000000000
    5.143922453   -0.000000000   -0.000000000
    5.150992730   -0.000000000   -0.000000000
    5.158063006   -0.000000000   -0.000000000
    5.165133283   -0.000000000   -0.000000000
    5.172203559   -0.000000000   -0.000000000
    5.179273836   -0.000000000   -0.000000000
    5.186344112   -0.000000000   -0.000000000
    5.193414389   -0.000000000   -0.000000000
    5.200484665   -0.000000000   -0.000000000
    5.207554942   -0.000000000   -0.000000000
    5.214625218   -0.000000000   -0.000000000
    5.221695495   -0.000000000   -0.000000000
    5.228765771   -0.000000000   -0.000000000
    5.235836048   -0.000000000   -0.000000000
    5.242906324   -0.000000000   -0.000000000
    5.249976600   -0.000000000   -0.000000000
    5.257046877   -0.000000000   -0.000000000
    5.264117153   -0.000000000   -0.000000000
    5.271187430   -0.000000000   -0.000000000
    5.278257706   -0.000000000   -0.000000000
    5.285327983   -0.000000000   -0.000000000
    5.292398259   -0.000000000   -0.000000000
    5.299468536   -0.000000000   -0.000000000
    5.306538812   -0.000000000   -0.000000000
    5.313609089   -0.000000000   -0.000000000
    5.320679365   -0.000000000   -0.000000000
    5.327749642   -0.000000000   -0.000000000
    5.334819918   -0.000000000   -0.000000000
    5.341890195   -0.000000000   -0.000000000
    5.348960471   -0.000000000   -0.000000000
    5.356030748   -0.000000000   -0.000000000
    5.363101024   -0.000000000   -0.000000000
    5.370171301   -0.000000000   -0.000000000
    5.377241577   -0.000000000   -0.000000000
    5.384311854   -0.000000000   -0.000000000
    5.391382130   -0.000000000   -0.000000000
    5.398452407   -0.000000000   -0.000000000
    5.405522683   -0.000000000   -0.000000000
    5.412592960   -0.000000000   -0.000000000
    5.419663236   -0.000000000   -0.000000000
    5.426733512   -0.000000000   -0.000000000
    5.433803789   -0.000000000   -0.000000000
    5.440874065   -0.000000000   -0.000000000
    5.447944342   -0.000000000   -0.000000000
    5.455014618   -0.000000000   -0.000000000
    5.462084895   -0.000000000   -0.000000000
    5.469155171   -0.000000000   -0.000000000
    5.476225448   -0.000000000   -0.000000000
    5.483295724   -0.000000000   -0.000000000
    5.490366001   -0.000000000   -0.000000000
    5.497436277   -0.000000000   -0.000000000
    5.504506554   -0.000000000   -0.000000000
    5.511576830   -0.000000000   -0.000000000
    5.518647107   -0.000000000   -0.000000000
    5.525717383   -0.000000000   -0.000000000
    5.532787660   -0.000000000   -0.000000000
    5.539857936   -0.000000000   -0.000000000
    5.546928213   -0.000000000   -0.000000000
    5.553998489   -0.000000000   -0.000000000
    5.561068766   -0.000000000   -0.000000000
    5.568139042   -0.000000000   -0.000000000
    5.575209319   -0.000000000   -0.000000000
    5.582279595   -0.000000000   -0.000000000
    5.589349871   -0.000000000   -0.000000000
    5.596420148   -0.000000000   -0.000000000
    5.603490424   -0.000000000   -0.000000000
    5.610560701   -0.000000000   -0.000000000
    5.617630977   -0.000000000   -0.000000000
    5.624701254   -0.000000000   -0.000000000
    5.631771530   -0.000000000   -0.000000000
    5.638841807   -0.000000000   -0.000000000
    5.645912083   -0.000000000   -0.000000000
    5.652982360   -0.000000000   -0.000000000
    5.660052636   -0.000000000   -0.000000000
    5.667122913   -0.000000000   -0.000000000
    5.674193189   -0.000000000   -0.000000000
    5.681263466   -0.000000000   -0.000000000
    5.688333742   -0.000000000   -0.000000000
    5.695404019   -0.000000000   -0.000000000
    5.702474295   -0.000000000   -0.000000000
    5.709544572   -0.000000000   -0.000000000
    5.716614848   -0.000000000   -0.000000000
    5.723685125   -0.000000000   -0.000000000
    5.730755401   -0.000000000   -0.000000000
    5.737825678   -0.000000000   -0.000000000
    5.744895954   -0.000000000   -0.000000000
    5.751966231   -0.000000000   -0.000000000
    5.759036507   -0.000000000   -0.000000000
    5.766106783   -0.000000000   -0.000000000
    5.773177060   -0.000000000   -0.000000000
    5.780247336   -0.000000000   -0.000000000
    5.787317613   -0.000000000   -0.000000000
    5.794387889   -0.000000000   -0.000000000
    5.801458166   -0.000000000   -0.000000000
    5.808528442   -0.000000000   -0.000000000
    5.815598719   -0.000000000   -0.000000000
    5.822668995   -0.000000000   -0.000000000
    5.829739272   -0.000000000   -0.000000000
    5.836809548   -0.000000000   -0.000000000
    5.843879825   -0.000000000   -0.000000000
    5.850950101   -0.000000000   -0.000000000
    5.858020378   -0.000000000   -0.000000000
    5.865090654   -0.000000000   -0.000000000
    5.872160931   -0.000000000   -0.000000000
    5.879231207   -0.000000000   -0.000000000
    5.886301484   -0.000000000   -0.000000000
    5.893371760   -0.000000000   -0.000000000
    5.900442037   -0.000000000   -0.000000000
    5.907512313   -0.000000000   -0.000000000
    5.914582590   -0.000000000   -0.000000000
    5.921652866   -0.000000000   -0.000000000
    5.928723143   -0.000000000   -0.000000000
    5.935793419   -0.000000000   -0.000000000
    5.942863695   -0.000000000   -0.000000000
    5.949933972   -0.000000000   -0.000000000
    5.957004248   -0.000000000   -0.000000000
    5.964074525   -0.000000000   -0.000000000
    5.971144801   -0.000000000   -0.000000000
    5.978215078   -0.000000000   -0.000000000
    5.985285354   -0.000000000   -0.000000000
    5.992355631   -0.000000000   -0.000000000
    5.999425907   -0.000000000   -0.000000000
    6.006496184   -0.000000000   -0.000000000
    6.013566460   -0.000000000   -0.000000000
    6.020636737   -0.000000000   -0.000000000
    6.027707013   -0.000000000   -0.000000000
    6.034777290   -0.000000000   -0.000000000
    6.041847566   -0.000000000   -0.000000000
    6.048917843   -0.000000000   -0.000000000
    6.055988119   -0.000000000   -0.000000000
    6.063058396   -0.000000000   -0.000000000
    6.070128672   -0.000000000   -0.000000000
    6.077198949   -0.000000000   -0.000000000
    6.084269225   -0.000000000   -0.000000000
    6.091339502   -0.000000000   -0.000000000
    6.098409778   -0.000000000   -0.000000000
    6.105480055   -0.000000000   -0.000000000
    6.112550331   -0.000000000   -0.000000000
    6.119620607   -0.000000000   -0.000000000
    6.126690884   -0.000000000   -0.000000000
    6.133761160   -0.000000000   -0.000000000
    6.140831437   -0.000000000   -0.000000000
    6.147901713   -0.000000000   -0.000000000
    6.154971990   -0.000000000   -0.000000000
    6.162042266   -0.000000000   -0.000000000
    6.169112543   -0.000000000   -0.000000000
    6.176182819   -0.000000000   -0.000000000
    6.183253096   -0.000000000   -0.000000000
    6.190323372   -0.000000000   -0.000000000
    6.197393649   -0.000000000   -0.000000000
    6.204463925   -0.000000000   -0.000000000
    6.211534202   -0.000000000   -0.000000000
    6.218604478   -0.000000000   -0.000000000
    6.225674755   -0.000000000   -0.000000000
    6.232745031   -0.000000000   -0.000000000
    6.239815308   -0.000000000   -0.000000000
    6.246885584   -0.000000000   -0.000000000
    6.253955861   -0.000000000   -0.000000000
    6.261026137   -0.000000000   -0.000000000
    6.268096414   -0.000000000   -0.000000000
    6.275166690   -0.000000000   -0.000000000
    6.282236967   -0.000000000   -0.000000000
    6.289307243   -0.000000000   -0.000000000
    6.296377519   -0.000000000   -0.000000000
    6.303447796   -0.000000000   -0.000000000
    6.310518072   -0.000000000   -0.000000000
    6.317588349   -0.000000000   -0.000000000
    6.324658625   -0.000000000   -0.000000000
    6.331728902   -0.000000000   -0.000000000
    6.338799178   -0.000000000   -0.000000000
    6.345869455   -0.000000000   -0.000000000
    6.352939731   -0.000000000   -0.000000000
    6.360010008   -0.000000000   -0.000000000
    6.367080284   -0.000000000   -0.000000000
    6.374150561   -0.000000000   -0.000000000
    6.381220837   -0.000000000   -0.000000000
    6.388291114   -0.000000000   -0.000000000
    6.395361390   -0.000000000   -0.000000000
    6.402431667   -0.000000000   -0.000000000
    6.409501943   -0.000000000   -0.000000000
    6.416572220   -0.000000000   -0.000000000
    6.423642496   -0.000000000   -0.000000000
    6.430712773   -0.000000000   -0.000000000
    6.437783049   -0.000000000   -0.000000000
    6.444853326   -0.000000000   -0.000000000
    6.451923602   -0.000000000   -0.000000000
    6.458993879   -0.000000000   -0.000000000
    6.466064155   -0.000000000   -0.000000000
    6.473134431   -0.000000000   -0.000000000
    6.480204708   -0.000000000   -0.000000000
    6.487274984   -0.000000000   -0.000000000
    6.494345261   -0.000000000   -0.000000000
    6.501415537   -0.000000000   -0.000000000
    6.508485814   -0.000000000   -0.000000000
    6.515556090   -0.000000000   -0.000000000
    6.522626367   -0.000000000   -0.000000000
    6.529696643   -0.000000000   -0.000000000
    6.536766920   -0.000000000   -0.000000000
    6.543837196   -0.000000000   -0.000000000
    6.550907473   -0.000000000   -0.000000000
    6.557977749   -0.000000000   -0.000000000
    6.565048026   -0.000000000   -0.000000000
    6.572118302   -0.000000000   -0.000000000
    6.579188579   -0.000000000   -0.000000000
    6.586258855   -0.000000000   -0.000000000
    6.593329132   -0.000000000   -0.000000000
    6.600399408   -0.000000000   -0.000000000
    6.607469685   -0.000000000   -0.000000000
    6.614539961   -0.000000000   -0.000000000
    6.621610238   -0.000000000   -0.000000000
    6.628680514   -0.000000000   -0.000000000
    6.635750790   -0.000000000   -0.000000000
    6.642821067   -0.000000000   -0.000000000
    6.649891343   -0.000000000   -0.000000000
    6.656961620   -0.000000000   -0.000000000
    6.664031896   -0.000000000   -0.000000000
    6.671102173   -0.000000000   -0.000000000
    6.678172449   -0.000000000   -0.000000000
    6.685242726   -0.000000000   -0.000000000
    6.692313002   -0.000000000   -0.000000000
    6.699383279   -0.000000000   -0.000000000
    6.706453555   -0.000000000   -0.000000000
    6.713523832   -0.000000000   -0.000000000
    6.720594108   -0.000000000   -0.000000000
    6.727664385   -0.000000000   -0.000000000
    6.734734661   -0.000000000   -0.000000000
    6.741804938   -0.000000000   -0.000000000
    6.748875214   -0.000000000   -0.000000000
    6.755945491   -0.000000000   -0.000000000
    6.763015767   -0.000000000   -0.000000000
    6.770086044   -0.000000000   -0.000000000
    6.777156320   -0.000000000   -0.000000000
    6.784226597   -0.000000000   -0.000000000
    6.791296873   -0.000000000   -0.000000000
    6.798367150   -0.000000000   -0.000000000
    6.805437426   -0.000000000   -0.000000000
    6.812507702   -0.000000000   -0.000000000
    6.819577979   -0.000000000   -0.000000000
    6.826648255   -0.000000000   -0.000000000
    6.833718532   -0.000000000   -0.000000000
    6.840788808   -0.000000000   -0.000000000
    6.847859085   -0.000000000   -0.000000000
    6.854929361   -0.000000000   -0.000000000
    6.861999638   -0.000000000   -0.000000000
    6.869069914   -0.000000000   -0.000000000
    6.876140191   -0.000000000   -0.000000000
    6.883210467   -0.000000000   -0.000000000
    6.890280744   -0.000000000   -0.000000000
    6.897351020   -0.000000000   -0.000000000
    6.904421297   -0.000000000   -0.000000000
    6.911491573   -0.000000000   -0.000000000
    6.918561850   -0.000000000   -0.000000000
    6.925632126   -0.000000000   -0.000000000
    6.932702403   -0.000000000   -0.000000000
    6.939772679   -0.000000000   -0.000000000
    6.946842956   -0.000000000   -0.000000000
    6.953913232   -0.000000000   -0.000000000
    6.960983509   -0.000000000   -0.000000000
    6.968053785   -0.000000000   -0.000000000
    6.975124062   -0.000000000   -0.000000000
    6.982194338   -0.000000000   -0.000000000
    6.989264614   -0.000000000   -0.000000000
    6.996334891   -0.000000000   -0.000000000
    7.003405167   -0.000000000   -0.000000000
    7.010475444   -0.000000000   -0.000000000
    7.017545720   -0.000000000   -0.000000000
    7.024615997   -0.000000000   -0.000000000
    7.031686273   -0.000000000   -0.000000000
    7.038756550   -0.000000000   -0.000000000
    7.045826826   -0.000000000   -0.000000000
    7.052897103   -0.000000000   -0.000000000
    7.059967379   -0.000000000   -0.000000000
    7.067037656   -0.000000000   -0.000000000
    7.074107932   -0.000000000   -0.000000000
    7.081178209   -0.000000000   -0.000000000
    7.088248485   -0.000000000   -0.000000000
    7.095318762   -0.000000000   -0.000000000
    7.102389038   -0.000000000   -0.000000000
    7.109459315   -0.000000000   -0.000000000
    7.116529591   -0.000000000   -0.000000000
    7.123599868   -0.000000000   -0.000000000
    7.130670144   -0.000000000   -0.000000000
    7.137740421   -0.000000000   -0.000000000
    7.144810697   -0.000000000   -0.000000000
    7.151880974   -0.000000000   -0.000000000
    7.158951250   -0.000000000   -0.000000000
    7.166021526   -0.000000000   -0.000000000
    7.173091803   -0.000000000   -0.000000000
    7.180162079   -0.000000000   -0.000000000
    7.187232356   -0.000000000   -0.000000000
    7.194302632   -0.000000000   -0.000000000
    7.201372909   -0.000000000   -0.000000000
    7.208443185   -0.000000000   -0.000000000
    7.215513462   -0.000000000   -0.000000000
    7.222583738   -0.000000000   -0.000000000
    7.229654015   -0.000000000   -0.000000000
    7.236724291   -0.000000000   -0.000000000
    7.243794568   -0.000000000   -0.000000000
    7.250864844   -0.000000000   -0.000000000
    7.257935121   -0.000000000   -0.000000000
    7.265005397   -0.000000000   -0.000000000
    7.272075674   -0.000000000   -0.000000000
    7.279145950   -0.000000000   -0.000000000
    7.286216227   -0.000000000   -0.000000000
    7.293286503   -0.000000000   -0.000000000
    7.300356780   -0.000000000   -0.000000000
    7.307427056   -0.000000000   -0.000000000
    7.314497333   -0.000000000   -0.000000000
    7.321567609   -0.000000000   -0.000000000
    7.328637886   -0.000000000   -0.000000000
    7.335708162   -0.000000000   -0.000000000
    7.342778438   -0.000000000   -0.000000000
    7.349848715   -0.000000000   -0.000000000
    7.356918991   -0.000000000   -0.000000000
    7.363989268   -0.000000000   -0.000000000
    7.371059544   -0.000000000   -0.000000000
    7.378129821   -0.000000000   -0.000000000
    7.385200097   -0.000000000   -0.000000000
    7.392270374   -0.000000000   -0.000000000
    7.399340650   -0.000000000   -0.000000000
    7.406410927   -0.000000000   -0.000000000
    7.413481203   -0.000000000   -0.000000000
    7.420551480   -0.000000000   -0.000000000
    7.427621756   -0.000000000   -0.000000000
    7.434692033   -0.000000000   -0.000000000
    7.441762309   -0.000000000   -0.000000000
    7.448832586   -0.000000000   -0.000000000
    7.455902862   -0.000000000   -0.000000000
    7.462973139   -0.000000000   -0.000000000
    7.470043415   -0.000000000   -0.000000000
    7.477113692   -0.000000000   -0.000000000
    7.484183968   -0.000000000   -0.000000000
    7.491254245   -0.000000000   -0.000000000
    7.498324521   -0.000000000   -0.000000000
    7.505394798   -0.000000000   -0.000000000
    7.512465074   -0.000000000   -0.000000000
    7.519535350   -0.000000000   -0.000000000
    7.526605627   -0.000000000   -0.000000000
    7.533675903   -0.000000000   -0.000000000
    7.540746180   -0.000000000   -0.000000000
    7.547816456   -0.000000000   -0.000000000
    7.554886733   -0.000000000   -0.000000000
    7.561957009   -0.000000000   -0.000000000
    7.569027286   -0.000000000   -0.000000000
    7.576097562   -0.000000000   -0.000000000
    7.583167839   -0.000000000   -0.000000000
    7.590238115   -0.000000000   -0.000000000
    7.597308392   -0.000000000   -0.000000000
    7.604378668   -0.000000000   -0.000000000
    7.611448945   -0.000000000   -0.000000000
    7.618519221   -0.000000000   -0.000000000
    7.625589498   -0.000000000   -0.000000000
    7.632659774   -0.000000000   -0.000000000
    7.639730051   -0.000000000   -0.000000000
    7.646800327   -0.000000000   -0.000000000
    7.653870604   -0.000000000   -0.000000000
    7.660940880   -0.000000000   -0.000000000
    7.668011157   -0.000000000   -0.000000000
    7.675081433   -0.000000000   -0.000000000
    7.682151710   -0.000000000   -0.000000000
    7.689221986   -0.000000000   -0.000000000
    7.696292262   -0.000000000   -0.000000000
    7.703362539   -0.000000000   -0.000000000
    7.710432815   -0.000000000   -0.000000000
    7.717503092   -0.000000000   -0.000000000
    7.724573368   -0.000000000   -0.000000000
    7.731643645   -0.000000000   -0.000000000
    7.738713921   -0.000000000   -0.000000000
    7.745784198   -0.000000000   -0.000000000
    7.752854474   -0.000000000   -0.000000000
    7.759924751   -0.000000000   -0.000000000
    7.766995027   -0.000000000   -0.000000000
    7.774065304   -0.000000000   -0.000000000
    7.781135580   -0.000000000   -0.000000000
    7.788205857   -0.000000000   -0.000000000
    7.795276133   -0.000000000   -0.000000000
    7.802346410   -0.000000000   -0.000000000
    7.809416686   -0.000000000   -0.000000000
    7.816486963   -0.000000000   -0.000000000
    7.823557239   -0.000000000   -0.000000000
    7.830627516   -0.000000000   -0.000000000
    7.837697792   -0.000000000   -0.000000000
    7.844768069   -0.000000000   -0.000000000
    7.851838345   -0.000000000   -0.000000000
    7.858908621   -0.000000000   -0.000000000
    7.865978898   -0.000000000   -0.000000000
    7.873049174   -0.000000000   -0.000000000
    7.880119451   -0.000000000   -0.000000000
    7.887189727   -0.000000000   -0.000000000
    7.894260004   -0.000000000   -0.000000000
    7.901330280   -0.000000000   -0.000000000
    7.908400557   -0.000000000   -0.000000000
    7.915470833   -0.000000000   -0.000000000
    7.922541110   -0.000000000   -0.000000000
    7.929611386   -0.000000000   -0.000000000
    7.936681663   -0.000000000   -0.000000000
    7.943751939   -0.000000000   -0.000000000
    7.950822216   -0.000000000   -0.000000000
    7.957892492   -0.000000000   -0.000000000
    7.964962769   -0.000000000   -0.000000000
    7.972033045   -0.000000000   -0.000000000
    7.979103322   -0.000000000   -0.000000000
    7.986173598   -0.000000000   -0.000000000
    7.993243875   -0.000000000   -0.000000000
    8.000314151   -0.000000000   -0.000000000
    8.007384428   -0.000000000   -0.000000000
    8.014454704   -0.000000000   -0.000000000
    8.021524981   -0.000000000   -0.000000000
    8.028595257   -0.000000000   -0.000000000
    8.035665533   -0.000000000   -0.000000000
    8.042735810   -0.000000000   -0.000000000
    8.049806086   -0.000000000   -0.000000000
    8.056876363   -0.000000000   -0.000000000
    8.063946639   -0.000000000   -0.000000000
    8.071016916   -0.000000000   -0.000000000
    8.078087192   -0.000000000   -0.000000000
    8.085157469   -0.000000000   -0.000000000
    8.092227745   -0.000000000   -0.000000000
    8.099298022   -0.000000000   -0.000000000
    8.106368298   -0.000000000   -0.000000000
    8.113438575   -0.000000000   -0.000000000
    8.120508851   -0.000000000   -0.000000000
    8.127579128   -0.000000000   -0.000000000
    8.134649404   -0.000000000   -0.000000000
    8.141719681   -0.000000000   -0.000000000
    8.148789957   -0.000000000   -0.000000000
    8.155860234   -0.000000000   -0.000000000
    8.162930510   -0.000000000   -0.000000000
    8.170000787   -0.000000000   -0.000000000
    8.177071063   -0.000000000   -0.000000000
    8.184141340   -0.000000000   -0.000000000
    8.191211616   -0.000000000   -0.000000000
    8.198281893   -0.000000000   -0.000000000
    8.205352169   -0.000000000   -0.000000000
    8.212422445   -0.000000000   -0.000000000
    8.219492722   -0.000000000   -0.000000000
    8.226562998   -0.000000000   -0.000000000
    8.233633275   -0.000000000   -0.000000000
    8.240703551   -0.000000000   -0.000000000
    8.247773828   -0.000000000   -0.000000000
    8.254844104   -0.000000000   -0.000000000
    8.261914381   -0.000000000   -0.000000000
    8.268984657   -0.000000000   -0.000000000
    8.276054934   -0.000000000   -0.000000000
    8.283125210   -0.000000000   -0.000000000
    8.290195487   -0.000000000   -0.000000000
    8.297265763   -0.000000000   -0.000000000
    8.304336040   -0.000000000   -0.000000000
    8.311406316   -0.000000000   -0.000000000
    8.318476593   -0.000000000   -0.000000000
    8.325546869   -0.000000000   -0.000000000
    8.332617146   -0.000000000   -0.000000000
    8.339687422   -0.000000000   -0.000000000
    8.346757699   -0.000000000   -0.000000000
    8.353827975   -0.000000000   -0.000000000
    8.360898252   -0.000000000   -0.000000000
    8.367968528   -0.000000000   -0.000000000
    8.375038805   -0.000000000   -0.000000000
    8.382109081   -0.000000000   -0.000000000
    8.389179357   -0.000000000   -0.000000000
    8.396249634   -0.000000000   -0.000000000
    8.403319910   -0.000000000   -0.000000000
    8.410390187   -0.000000000   -0.000000000
    8.417460463   -0.000000000   -0.000000000
    8.424530740   -0.000000000   -0.000000000
    8.431601016   -0.000000000   -0.000000000
    8.438671293   -0.000000000   -0.000000000
    8.445741569   -0.000000000   -0.000000000
    8.452811846   -0.000000000   -0.000000000
    8.459882122   -0.000000000   -0.000000000
    8.466952399   -0.000000000   -0.000000000
    8.474022675   -0.000000000   -0.000000000
    8.481092952   -0.000000000   -0.000000000
    8.488163228   -0.000000000   -0.000000000
    8.495233505   -0.000000000   -0.000000000
    8.502303781   -0.000000000   -0.000000000
    8.509374058   -0.000000000   -0.000000000
    8.516444334   -0.000000000   -0.000000000
    8.523514611   -0.000000000   -0.000000000
    8.530584887   -0.000000000   -0.000000000
    8.537655164   -0.000000000   -0.000000000
    8.544725440   -0.000000000   -0.000000000
    8.551795717   -0.000000000   -0.000000000
    8.558865993   -0.000000000   -0.000000000
    8.565936269   -0.000000000   -0.000000000
    8.573006546   -0.000000000   -0.000000000
    8.580076822   -0.000000000   -0.000000000
    8.587147099   -0.000000000   -0.000000000
    8.594217375   -0.000000000   -0.000000000
    8.601287652   -0.000000000   -0.000000000
    8.608357928   -0.000000000   -0.000000000
    8.615428205   -0.000000000   -0.000000000
    8.622498481   -0.000000000   -0.000000000
    8.629568758   -0.000000000   -0.000000000
    8.636639034   -0.000000000   -0.000000000
    8.643709311   -0.000000000   -0.000000000
    8.650779587   -0.000000000   -0.000000000
    8.657849864   -0.000000000   -0.000000000
    8.664920140   -0.000000000   -0.000000000
    8.671990417   -0.000000000   -0.000000000
    8.679060693   -0.000000000   -0.000000000
    8.686130970   -0.000000000   -0.000000000
    8.693201246   -0.000000000   -0.000000000
    8.700271523   -0.000000000   -0.000000000
    8.707341799   -0.000000000   -0.000000000
    8.714412076   -0.000000000   -0.000000000
    8.721482352   -0.000000000   -0.000000000
    8.728552629   -0.000000000   -0.000000000
    8.735622905   -0.000000000   -0.000000000
    8.742693181   -0.000000000   -0.000000000
    8.749763458   -0.000000000   -0.000000000
    8.756833734   -0.000000000   -0.000000000
    8.763904011   -0.000000000   -0.000000000
    8.770974287   -0.000000000   -0.000000000
    8.778044564   -0.000000000   -0.000000000
    8.785114840   -0.000000000   -0.000000000
    8.792185117   -0.000000000   -0.000000000
    8.799255393   -0.000000000   -0.000000000
    8.806325670   -0.000000000   -0.000000000
    8.813395946   -0.000000000   -0.000000000
    8.820466223   -0.000000000   -0.000000000
    8.827536499   -0.000000000   -0.000000000
    8.834606776   -0.000000000   -0.000000000
    8.841677052   -0.000000000   -0.000000000
    8.848747329   -0.000000000   -0.000000000
    8.855817605   -0.000000000   -0.000000000
    8.862887882   -0.000000000   -0.000000000
    8.869958158   -0.000000000   -0.000000000
    8.877028435   -0.000000000   -0.000000000
    8.884098711   -0.000000000   -0.000000000
    8.891168988   -0.000000000   -0.000000000
    8.898239264   -0.000000000   -0.000000000
    8.905309540   -0.000000000   -0.000000000
    8.912379817   -0.000000000   -0.000000000
    8.919450093   -0.000000000   -0.000000000
    8.926520370   -0.000000000   -0.000000000
    8.933590646   -0.000000000   -0.000000000
    8.940660923   -0.000000000   -0.000000000
    8.947731199   -0.000000000   -0.000000000
    8.954801476   -0.000000000   -0.000000000
    8.961871752   -0.000000000   -0.000000000
    8.968942029   -0.000000000   -0.000000000
    8.976012305   -0.000000000   -0.000000000
    8.983082582   -0.000000000   -0.000000000
    8.990152858   -0.000000000   -0.000000000
    8.997223135   -0.000000000   -0.000000000
    9.004293411   -0.000000000   -0.000000000
    9.011363688   -0.000000000   -0.000000000
    9.018433964   -0.000000000   -0.000000000
    9.025504241   -0.000000000   -0.000000000
    9.032574517   -0.000000000   -0.000000000
    9.039644794   -0.000000000   -0.000000000
    9.046715070   -0.000000000   -0.000000000
    9.053785347   -0.000000000   -0.000000000
    9.060855623   -0.000000000   -0.000000000
    9.067925900   -0.000000000   -0.000000000
    9.074996176   -0.000000000   -0.000000000
    9.082066452   -0.000000000   -0.000000000
    9.089136729   -0.000000000   -0.000000000
    9.096207005   -0.000000000   -0.000000000
    9.103277282   -0.000000000   -0.000000000
    9.110347558   -0.000000000   -0.000000000
    9.117417835   -0.000000000   -0.000000000
    9.124488111   -0.000000000   -0.000000000
    9.131558388   -0.000000000   -0.000000000
    9.138628664   -0.000000000   -0.000000000
    9.145698941   -0.000000000   -0.000000000
    9.152769217   -0.000000000   -0.000000000
    9.159839494   -0.000000000   -0.000000000
    9.166909770   -0.000000000   -0.000000000
    9.173980047   -0.000000000   -0.000000000
    9.181050323   -0.000000000   -0.000000000
    9.188120600   -0.000000000   -0.000000000
    9.195190876   -0.000000000   -0.000000000
    9.202261153   -0.000000000   -0.000000000
    9.209331429   -0.000000000   -0.000000000
    9.216401706   -0.000000000   -0.000000000
    9.223471982   -0.000000000   -0.000000000
    9.230542259   -0.000000000   -0.000000000
    9.237612535   -0.000000000   -0.000000000
    9.244682812   -0.000000000   -0.000000000
    9.251753088   -0.000000000   -0.000000000
    9.258823364   -0.000000000   -0.000000000
    9.265893641   -0.000000000   -0.000000000
    9.272963917   -0.000000000   -0.000000000
    9.280034194   -0.000000000   -0.000000000
    9.287104470   -0.000000000   -0.000000000
    9.294174747   -0.000000000   -0.000000000
    9.301245023   -0.000000000   -0.000000000
    9.308315300   -0.000000000   -0.000000000
    9.315385576   -0.000000000   -0.000000000
    9.322455853   -0.000000000   -0.000000000
    9.329526129   -0.000000000   -0.000000000
    9.336596406   -0.000000000   -0.000000000
    9.343666682   -0.000000000   -0.000000000
    9.350736959   -0.000000000   -0.000000000
    9.357807235   -0.000000000   -0.000000000
    9.364877512   -0.000000000   -0.000000000
    9.371947788   -0.000000000   -0.000000000
    9.379018065   -0.000000000   -0.000000000
    9.386088341   -0.000000000   -0.000000000
    9.393158618   -0.000000000   -0.000000000
    9.400228894   -0.000000000   -0.000000000
    9.407299171   -0.000000000   -0.000000000
    9.414369447   -0.000000000   -0.000000000
    9.421439724   -0.000000000   -0.000000000
    9.428510000   -0.000000000   -0.000000000
