#! FIELDS F399_dist file.free der_F399_dist
#! SET min_F399_dist 0.350275
#! SET max_F399_dist 9.42851
#! SET nbins_F399_dist  1285
#! SET periodic_F399_dist false
    0.350275000   -0.005976289   -1.087831979
    0.357345276   -0.021993922   -3.683122076
    0.364415553   -0.069859629  -10.642509263
    0.371485829   -0.195920774  -26.863051554
    0.378556106   -0.490039014  -59.792617460
    0.385626382   -1.102807929 -118.473933885
    0.392696659   -2.244331468 -209.849509876
    0.399766935   -4.146840290 -332.608938466
    0.406837212   -6.991078005 -472.536026502
    0.413907488  -10.805474971 -601.468324757
    0.420977765  -15.389959846 -684.744670986
    0.428048041  -20.318101562 -696.037412448
    0.435118318  -25.059507061 -634.264577981
    0.442188594  -29.187231641 -529.688093712
    0.449258871  -32.567458871 -431.295768620
    0.456329147  -35.402748474 -380.070015682
    0.463399424  -38.082998816 -386.070304490
    0.470469700  -40.951507424 -428.348526774
    0.477539977  -44.155776026 -476.644527233
    0.484610253  -47.667503118 -514.390430195
    0.491680530  -51.417741597 -545.586866320
    0.498750806  -55.398129302 -581.382081704
    0.505821083  -59.658053677 -624.424645761
    0.512891359  -64.209074844 -659.433497428
    0.519961636  -68.910464666 -663.953271972
    0.527031912  -73.479327956 -620.469286686
    0.534102188  -77.580504394 -534.182919070
    0.541172465  -80.990051410 -430.807358866
    0.548242741  -83.711309436 -343.816819616
    0.555313018  -85.936929893 -292.921636199
    0.562383294  -87.927351319 -274.322783000
    0.569453571  -89.849417497 -270.395734559
    0.576523847  -91.732226873 -260.939587707
    0.583594124  -93.489460390 -233.064408713
    0.590664400  -94.968826872 -182.230228760
    0.597734677  -96.007120930 -109.398364748
    0.604804953  -96.483922020  -25.991801263
    0.611875230  -96.388788833   48.816932516
    0.618945506  -95.851078342   96.152536960
    0.626015783  -95.090950799  112.968439682
    0.633086059  -94.288784899  111.615370571
    0.640156336  -93.501808193  111.269119424
    0.647226612  -92.681819255  121.283945992
    0.654296889  -91.771786259  133.913147026
    0.661367165  -90.794341032  139.125797591
    0.668437442  -89.810830328  137.112190485
    0.675507718  -88.830720157  140.861411805
    0.682577995  -87.759378044  163.638533596
    0.689648271  -86.470091133  200.968975327
    0.696718548  -84.923215138  230.694370259
    0.703788824  -83.255842360  234.897745050
    0.710859100  -81.664364723  209.983622101
    0.717929377  -80.303914845  173.593282257
    0.724999653  -79.182978841  143.871837098
    0.732069930  -78.223178807  127.047932418
    0.739140206  -77.378931734  108.577506015
    0.746210483  -76.733227518   67.337692374
    0.753280759  -76.498181686   -7.273826414
    0.760351036  -76.880910020 -103.764264163
    0.767421312  -77.933403246 -191.737968662
    0.774491589  -79.489840248 -242.302048001
    0.781561865  -81.249556433 -250.682908937
    0.788632142  -82.964429455 -233.276006552
    0.795702418  -84.539514156 -215.033263099
    0.802772695  -86.017404835 -205.762972686
    0.809842971  -87.456545676 -202.192932093
    0.816913248  -88.865601563 -197.149892671
    0.823983524  -90.228246007 -189.397263206
    0.831053801  -91.534672205 -180.338279444
    0.838124077  -92.755862837 -163.942819596
    0.845194354  -93.795958421 -126.348993565
    0.852264630  -94.485992168  -67.511814431
    0.859334907  -94.731783980   -5.655151501
    0.866405183  -94.621529193   29.226449520
    0.873475460  -94.403964125   24.623092759
    0.880545736  -94.320626401   -3.167190217
    0.887616012  -94.419359796  -22.901680762
    0.894686289  -94.566578397  -13.905092501
    0.901756565  -94.556443706   17.095217871
    0.908826842  -94.300847076   53.837498523
    0.915897118  -93.811505950   81.587179241
    0.922967395  -93.161240595   99.295601909
    0.930037671  -92.408433772  109.901176959
    0.937107948  -91.612898467  112.178102262
    0.944178224  -90.847198309  100.033450614
    0.951248501  -90.217102552   74.884883901
    0.958318777  -89.798083472   41.321623600
    0.965389054  -89.618683743   10.318250361
    0.972459330  -89.620906032  -10.212447452
    0.979529607  -89.708505504  -13.392753141
    0.986599883  -89.762014295   -1.086915704
    0.993670160  -89.704699779   15.199472986
    1.000740436  -89.559978052   22.147389203
    1.007810713  -89.426960536   10.455952351
    1.014880989  -89.436176758  -17.378108378
    1.021951266  -89.674077731  -50.014875211
    1.029021542  -90.114385997  -72.854136333
    1.036091819  -90.632989772  -70.362910417
    1.043162095  -91.034735496  -41.792153224
    1.050232371  -91.179627276    0.034077497
    1.057302648  -91.058594786   29.177633680
    1.064372924  -90.815623734   34.487599774
    1.071443201  -90.594038268   26.079538299
    1.078513477  -90.416680090   25.147576340
    1.085583754  -90.192346622   38.280673134
    1.092654030  -89.872039199   49.159845635
    1.099724307  -89.549556343   35.410611383
    1.106794583  -89.422663934   -4.024025515
    1.113864860  -89.604044255  -46.552120331
    1.120935136  -90.005030993  -62.371632989
    1.128005413  -90.374276501  -36.725901871
    1.135075689  -90.442749820   18.136396398
    1.142145966  -90.105393926   72.939062547
    1.149216242  -89.474579447   97.610619181
    1.156286519  -88.820928776   79.223984420
    1.163356795  -88.412865742   32.288192493
    1.170427072  -88.341595291  -10.901778937
    1.177497348  -88.479442465  -22.416040621
    1.184567625  -88.566076168    0.996484170
    1.191637901  -88.407626490   43.553321750
    1.198708178  -87.951082181   82.578201500
    1.205778454  -87.265509541  106.571998236
    1.212848731  -86.463524142  117.327957183
    1.219919007  -85.625072331  116.370003036
    1.226989283  -84.835097813  103.441208059
    1.234059560  -84.175756944   80.209071562
    1.241129836  -83.688870952   57.608081523
    1.248200113  -83.311383145   52.148891309
    1.255270389  -82.881506340   72.409078215
    1.262340666  -82.232508878  110.789924820
    1.269410942  -81.309681251  146.391492362
    1.276481219  -80.211612672  157.181198788
    1.283551495  -79.148662111  137.543138828
    1.290621772  -78.309877454   96.486134741
    1.297692048  -77.789013222   48.687613901
    1.304762325  -77.603807422    1.868830344
    1.311832601  -77.756087311  -45.915275141
    1.318902878  -78.252803913  -95.492645950
    1.325973154  -79.066905485 -133.298151404
    1.333043431  -80.050484859 -139.520146183
    1.340113707  -80.945465830 -110.342305687
    1.347183984  -81.559870319  -64.502318860
    1.354254260  -81.891510245  -36.716414146
    1.361324537  -82.160579395  -46.959179943
    1.368394813  -82.616964345  -84.859802823
    1.375465090  -83.335498556 -115.307155458
    1.382535366  -84.150662042 -109.324715844
    1.389605643  -84.793561414  -70.581885766
    1.396675919  -85.137117535  -30.601738610
    1.403746195  -85.291522490  -20.152934158
    1.410816472  -85.488128323  -39.396995320
    1.417886748  -85.849942228  -62.254485747
    1.424957025  -86.295427181  -59.963028785
    1.432027301  -86.624800348  -30.855864666
    1.439097578  -86.708215638    4.236630397
    1.446167854  -86.594996027   22.676460489
    1.453238131  -86.436474771   17.968956654
    1.460308407  -86.361514023    2.523768617
    1.467378684  -86.375860392   -5.943941161
    1.474448960  -86.392152346    1.814819375
    1.481519237  -86.307119905   22.207797353
    1.488589513  -86.074582824   41.269401012
    1.495659790  -85.747272744   47.355554974
    1.502730066  -85.437442439   35.991040515
    1.509800343  -85.251440969   14.138599617
    1.516870619  -85.219569677   -5.027291005
    1.523940896  -85.280613509  -11.480828395
    1.531011172  -85.342737158   -6.519616984
    1.538081449  -85.366428884   -2.894528240
    1.545151725  -85.420117153  -17.952737880
    1.552222002  -85.660575073  -54.824180949
    1.559292278  -86.206758349  -99.934113768
    1.566362555  -87.024839065 -127.898584899
    1.573432831  -87.912876740 -117.981732914
    1.580503107  -88.593940808  -71.746211582
    1.587573384  -88.895864430  -15.435858992
    1.594643660  -88.854571284   20.127553267
    1.601713937  -88.670324152   26.432440838
    1.608784213  -88.510378696   16.666877963
    1.615854490  -88.407110069   13.566134715
    1.622924766  -88.279144840   22.702116829
    1.629995043  -88.076408562   31.776360014
    1.637065319  -87.854707485   26.932250880
    1.644135596  -87.715137351   10.493952282
    1.651205872  -87.691860032   -3.587302366
    1.658276149  -87.722837315   -3.932404739
    1.665346425  -87.710734443    6.434954952
    1.672416702  -87.612718318   20.233340158
    1.679486978  -87.424393724   31.313498130
    1.686557255  -87.162903430   41.226566274
    1.693627531  -86.836834685   48.220122722
    1.700697808  -86.483517142   49.041283797
    1.707768084  -86.162138937   37.792835659
    1.714838361  -85.957672989   17.302226991
    1.721908637  -85.921637496   -8.310928185
    1.728978914  -86.059954422  -30.214328222
    1.736049190  -86.318866594  -43.838125215
    1.743119467  -86.638954620  -46.195959475
    1.750189743  -86.954483474  -43.407724268
    1.757260019  -87.245386036  -40.873745593
    1.764330296  -87.519264036  -37.548269922
    1.771400572  -87.748332775  -26.836083748
    1.778470849  -87.856987981   -3.662888377
    1.785541125  -87.774323002   25.782075700
    1.792611402  -87.509067003   44.389830817
    1.799681678  -87.187909889   41.455468885
    1.806751955  -86.947617724   25.657865467
    1.813822231  -86.794397178   19.622065744
    1.820892508  -86.593065964   40.663827885
    1.827962784  -86.167008262   79.177193376
    1.835033061  -85.480403733  111.118888012
    1.842103337  -84.649960131  117.704445026
    1.849173614  -83.852164845  104.861496204
    1.856243890  -83.165206182   89.182817755
    1.863314167  -82.565982932   79.653992026
    1.870384443  -82.024801365   70.479048928
    1.877454720  -81.579663865   53.172192900
    1.884524996  -81.284006908   29.078778687
    1.891595273  -81.142114465   12.543856632
    1.898665549  -81.057971390   12.981729389
    1.905735826  -80.917713790   26.047838673
    1.912806102  -80.681318894   37.758444254
    1.919876379  -80.407257597   36.302424512
    1.926946655  -80.194491473   20.855737329
    1.934016931  -80.115098032    1.222710246
    1.941087208  -80.156308860  -12.492208511
    1.948157484  -80.255340137  -16.264496477
    1.955227761  -80.348858633   -9.749271934
    1.962298037  -80.378982253    0.531236065
    1.969368314  -80.333731580    9.945582462
    1.976438590  -80.246018247   10.792572542
    1.983508867  -80.215560219   -6.783990194
    1.990579143  -80.393769196  -47.991338988
    1.997649420  -80.916085351 -101.529714736
    2.004719696  -81.796298631 -145.270413428
    2.011789973  -82.890345874 -159.743836657
    2.018860249  -83.965936628 -141.100760217
    2.025930526  -84.828407880 -102.208307522
    2.033000802  -85.403130054  -62.833726199
    2.040071079  -85.744703387  -37.591388676
    2.047141355  -85.964958415  -27.899205879
    2.054211632  -86.148700679  -26.151037999
    2.061281908  -86.321210326  -23.924438683
    2.068352185  -86.476094280  -21.319512871
    2.075422461  -86.637923635  -27.629544872
    2.082492738  -86.882789522  -43.505618788
    2.089563014  -87.236516268  -55.369822264
    2.096633290  -87.599732243  -43.670885073
    2.103703567  -87.785634717   -7.236818215
    2.110773843  -87.687814415   30.718319073
    2.117844120  -87.404273461   42.237604267
    2.124914396  -87.160026139   20.607413597
    2.131984673  -87.133895851  -14.236021645
    2.139054949  -87.335845086  -41.501838280
    2.146125226  -87.687974570  -58.481902541
    2.153195502  -88.150382680  -75.073444003
    2.160265779  -88.739005249  -91.804592998
    2.167336055  -89.405314322  -92.863509085
    2.174406332  -89.968810100  -62.866918099
    2.181476608  -90.214563132   -5.680400495
    2.188546885  -90.039214107   50.586366609
    2.195617161  -89.555163362   79.066865691
    2.202687438  -88.992615424   73.475126139
    2.209757714  -88.556977331   46.503287542
    2.216827991  -88.341149682   13.519546497
    2.223898267  -88.347957220  -17.067745367
    2.230968544  -88.552252830  -40.644050904
    2.238038820  -88.895513183  -55.469472668
    2.245109097  -89.300385289  -57.533822770
    2.252179373  -89.664454270  -44.597022524
    2.259249650  -89.888663923  -19.612363690
    2.266319926  -89.915455444   10.457191827
    2.273390202  -89.741078847   36.339600733
    2.280460479  -89.425535384   49.226033848
    2.287530755  -89.077638483   45.235734393
    2.294601032  -88.808240636   28.308912001
    2.301671308  -88.671894281   10.324547982
    2.308741585  -88.625575178    4.238871073
    2.315811861  -88.554184433   18.090270330
    2.322882138  -88.322391247   47.125405994
    2.329952414  -87.869523094   79.039923980
    2.337022691  -87.224598638   98.090073737
    2.344092967  -86.517347081   97.553224839
    2.351163244  -85.873559327   82.396153673
    2.358233520  -85.346681989   65.923935760
    2.365303797  -84.896913567   62.182216071
    2.372374073  -84.428044219   70.801329785
    2.379444350  -83.895588614   76.304781326
    2.386514626  -83.384068944   62.893549003
    2.393584903  -83.050079069   27.360357577
    2.400655179  -83.010895005  -16.990043305
    2.407725456  -83.251002858  -49.563779724
    2.414795732  -83.640977738  -57.598340516
    2.421866009  -84.013089554  -47.031072196
    2.428936285  -84.290352277  -33.798821454
    2.436006562  -84.504319817  -29.378278366
    2.443076838  -84.716780548  -31.962647420
    2.450147114  -84.925443023  -25.730013309
    2.457217391  -85.015353341    2.349882474
    2.464287667  -84.844748340   45.561687689
    2.471357944  -84.391509702   76.485605848
    2.478428220  -83.842667256   69.977810135
    2.485498497  -83.487543695   24.977998816
    2.492568773  -83.502931193  -29.419011824
    2.499639050  -83.826631691  -56.286626173
    2.506709326  -84.193227473  -43.300572280
    2.513779603  -84.370335248   -7.120160409
    2.520849879  -84.302310758   21.987097490
    2.527920156  -84.111698954   26.607101821
    2.534990432  -83.968628319   10.115767723
    2.542060709  -83.971615463  -11.963705925
    2.549130985  -84.112801254  -27.606657043
    2.556201262  -84.317098723  -28.635078226
    2.563271538  -84.470953311  -13.970010447
    2.570341815  -84.480481945   11.155807114
    2.577412091  -84.316410035   32.629869167
    2.584482368  -84.054989120   35.872101808
    2.591552644  -83.850351076   16.305108405
    2.598622921  -83.842050373  -15.892628572
    2.605693197  -84.053474412  -42.327318761
    2.612763474  -84.377031267  -46.094259721
    2.619833750  -84.627480619  -23.024245913
    2.626904026  -84.648867337   16.411129959
    2.633974303  -84.394092557   53.112228921
    2.641044579  -83.937435801   71.455189282
    2.648114856  -83.428531786   66.155240399
    2.655185132  -83.027729208   43.352881887
    2.662255409  -82.827375244   11.918123097
    2.669325685  -82.843303679  -16.097078898
    2.676395962  -83.004868001  -27.156586351
    2.683466238  -83.160215889  -14.603756167
    2.690536515  -83.151237128   18.915963464
    2.697606791  -82.874776594   56.716607304
    2.704677068  -82.374101389   79.310093565
    2.711747344  -81.816848588   71.644094761
    2.718817621  -81.418562128   35.833843931
    2.725887897  -81.317982800   -8.714754797
    2.732958174  -81.488950039  -36.742740361
    2.740028450  -81.756687286  -36.118088332
    2.747098727  -81.938237833  -14.493349584
    2.754169003  -81.949339257    8.490694706
    2.761239280  -81.841643459   17.913583824
    2.768309556  -81.723635019   12.111222364
    2.775379833  -81.674247635    0.700434513
    2.782450109  -81.692667547   -5.551855351
    2.789520386  -81.711969735    0.671953198
    2.796590662  -81.636303654   20.869628504
    2.803660938  -81.384663607   50.236307071
    2.810731215  -80.931954602   75.042690030
    2.817801491  -80.361890398   79.862428149
    2.824871768  -79.855133630   57.545462306
    2.831942044  -79.586075817   15.713167601
    2.839012321  -79.612578416  -20.744916464
    2.846082597  -79.804477952  -28.874781753
    2.853152874  -79.932846936   -4.931674799
    2.860223150  -79.835034667   31.214453453
    2.867293427  -79.528095916   50.042926326
    2.874363703  -79.191700289   38.475674888
    2.881433980  -79.023815114    6.263909919
    2.888504256  -79.092031671  -24.549333347
    2.895574533  -79.310179837  -34.299496133
    2.902644809  -79.498388154  -16.009642356
    2.909715086  -79.485704448   19.549920922
    2.916785362  -79.218049783   53.483206506
    2.923855639  -78.772794919   66.833113937
    2.930925915  -78.320203756   55.842326367
    2.937996192  -78.005710701   30.362975788
    2.945066468  -77.880220198    5.210344219
    2.952136745  -77.902685793  -10.141047122
    2.959207021  -77.992799777  -16.471527403
    2.966277298  -78.101645772  -14.541275391
    2.973347574  -78.178546567   -7.655457669
    2.980417850  -78.194123591    2.307765520
    2.987488127  -78.138739719   11.710355318
    2.994558403  -78.035559915   14.905881316
    3.001628680  -77.931460866   12.259796271
    3.008698956  -77.849641454   10.600855179
    3.015769233  -77.748573558   19.706385968
    3.022839509  -77.527747284   43.561065989
    3.029909786  -77.110890628   71.761952525
    3.036980062  -76.541100512   84.156007462
    3.044050339  -75.990249375   65.393382018
    3.051120615  -75.666632266   22.603287821
    3.058190892  -75.657321616  -18.773518886
    3.065261168  -75.855245187  -32.074471794
    3.072331445  -76.018600846  -10.540996574
    3.079401721  -75.945898842   30.515765787
    3.086471998  -75.594761781   64.264000173
    3.093542274  -75.089987904   72.770411276
    3.100612551  -74.617708063   56.846791033
    3.107682827  -74.291325660   34.725734280
    3.114753104  -74.075347984   28.844356898
    3.121823380  -73.815477371   47.432328569
    3.128893657  -73.372319089   75.530673323
    3.135963933  -72.780998116   85.899768874
    3.143034210  -72.245698735   57.909143270
    3.150104486  -72.018182988    3.424333319
    3.157174762  -72.164193579  -41.034025832
    3.164245039  -72.481516817  -41.631826471
    3.171315315  -72.637496915    1.146801913
    3.178385592  -72.444346587   49.446590859
    3.185455868  -72.015882943   62.521197152
    3.192526145  -71.647591283   35.838805819
    3.199596421  -71.513244883    4.424227764
    3.206666698  -71.482424615   11.515089334
    3.213736974  -71.219812962   67.556381682
    3.220807251  -70.482157020  138.012073237
    3.227877527  -69.357440833  168.162870870
    3.234947804  -68.266264163  127.692290757
    3.242018080  -67.685363596   29.484989905
    3.249088357  -67.859537078  -77.449038654
    3.256158633  -68.663451933 -142.067846076
    3.263228910  -69.705792559 -143.383235902
    3.270299186  -70.575952266  -99.028074664
    3.277369463  -71.079235801  -45.038556917
    3.284439739  -71.243602119   -6.333296606
    3.291510016  -71.194287311   17.963178922
    3.298580292  -70.985691693   40.517207224
    3.305650569  -70.603859080   65.913744807
    3.312720845  -70.071059051   80.832708580
    3.319791121  -69.519622843   69.503133179
    3.326861398  -69.140078054   34.118862152
    3.333931674  -69.039635118   -4.717908561
    3.341001951  -69.163687361  -28.511716676
    3.348072227  -69.395651268  -37.542115077
    3.355142504  -69.676674256  -43.797795452
    3.362212780  -70.020510613  -55.048276210
    3.369283057  -70.443262598  -64.070529806
    3.376353333  -70.892915488  -62.312806106
    3.383423610  -71.301983061  -55.288607278
    3.390493886  -71.695234767  -60.651363720
    3.397564163  -72.193995303  -83.881738752
    3.404634439  -72.871385079 -105.488680355
    3.411704716  -73.597725498  -92.730298545
    3.418774992  -74.061193094  -32.230002882
    3.425845269  -73.982683222   52.648770403
    3.432915545  -73.358105963  115.377423745
    3.439985822  -72.493473526  116.287881289
    3.447056098  -71.855166177   55.187733308
    3.454126375  -71.777647179  -35.705928809
    3.461196651  -72.310958152 -110.078755930
    3.468266928  -73.208974164 -136.111282907
    3.475337204  -74.103862233 -110.678011711
    3.482407481  -74.703360743  -58.310157563
    3.489477757  -74.955630993  -18.245878188
    3.496548033  -75.053194497  -19.162353160
    3.503618310  -75.300213722  -55.507140219
    3.510688586  -75.834245746  -93.699854708
    3.517758863  -76.522777341  -93.669600725
    3.524829139  -77.040156473  -46.681289389
    3.531899416  -77.139275438   16.727474311
    3.538969692  -76.855274318   55.548233333
    3.546039969  -76.437186957   56.985496331
    3.553110245  -76.084401564   41.562106243
    3.560180522  -75.814508496   35.770222344
    3.567250798  -75.538965260   41.185321126
    3.574321075  -75.248592505   36.956116010
    3.581391351  -75.057619777   13.434123719
    3.588461628  -75.056049840  -12.079881508
    3.595531904  -75.170843453  -16.847217317
    3.602602181  -75.231492361    0.369621671
    3.609672457  -75.149384380   19.819575283
    3.616742734  -74.974970514   25.975063642
    3.623813010  -74.790961248   25.482527723
    3.630883287  -74.581248511   36.931632772
    3.637953563  -74.227718527   63.841512754
    3.645023840  -73.669799646   89.927611230
    3.652094116  -73.006405638   89.963165666
    3.659164393  -72.464706590   58.823286731
    3.666234669  -72.200752632   15.978290828
    3.673304945  -72.186723544   -8.345799892
    3.680375222  -72.237348722   -3.586075755
    3.687445498  -72.199038275   12.212534159
    3.694515775  -72.101022458   10.388676278
    3.701586051  -72.109631366  -17.099406103
    3.708656328  -72.341764643  -48.791586219
    3.715726604  -72.726601981  -55.127094144
    3.722796881  -73.044131322  -32.625621686
    3.729867157  -73.148440928    1.763602114
    3.736937434  -73.047347658   21.835527142
    3.744007710  -72.884660740   20.189848830
    3.751077987  -72.785497682    5.782587884
    3.758148263  -72.790069653   -7.372278299
    3.765218540  -72.861322185  -12.496189025
    3.772288816  -72.939667743  -10.443513052
    3.779359093  -72.985909112   -3.429128884
    3.786429369  -72.978957701    4.844581419
    3.793499646  -72.926335299    7.692588807
    3.800569922  -72.884371170    0.112694840
    3.807640199  -72.929478352  -14.668668878
    3.814710475  -73.070390199  -23.273383757
    3.821780752  -73.192667169   -7.552578396
    3.828851028  -73.106566850   33.757690991
    3.835921305  -72.712132893   73.606916328
    3.842991581  -72.156453351   72.325500765
    3.850061857  -71.809517085   16.987075821
    3.857132134  -71.971420637  -63.850259708
    3.864202410  -72.632787483 -115.141284305
    3.871272687  -73.445116594 -105.483422693
    3.878342963  -74.008927581  -51.253209373
    3.885413240  -74.172376670   -1.783957633
    3.892483516  -74.114061054   10.415092115
    3.899553793  -74.094663751   -7.974231999
    3.906624069  -74.209352993  -22.606474357
    3.913694346  -74.339232114  -11.433453336
    3.920764622  -74.322895842   15.646708740
    3.927834899  -74.132119336   34.563514226
    3.934905175  -73.875165115   35.162537444
    3.941975452  -73.648899319   27.567611118
    3.949045728  -73.464733471   24.331722068
    3.956116005  -73.292188828   21.806966466
    3.963186281  -73.168045377    8.970849434
    3.970256558  -73.185568511  -15.545591421
    3.977326834  -73.383150987  -39.953656849
    3.984397111  -73.704298354  -48.373019772
    3.991467387  -74.014311851  -38.330520764
    3.998537664  -74.208129862  -16.870675800
    4.005607940  -74.236761598    6.920214086
    4.012678217  -74.107719041   27.563852381
    4.019748493  -73.859884888   40.312871683
    4.026818769  -73.561487140   41.399082722
    4.033889046  -73.285254238   33.582507008
    4.040959322  -73.067421420   28.792740089
    4.048029599  -72.835746885   39.705853475
    4.055099875  -72.453040141   70.743734532
    4.062170152  -71.809436302  108.432666249
    4.069240428  -70.948684674  128.668658043
    4.076310705  -70.074966496  110.824520832
    4.083380981  -69.454858451   59.029159187
    4.090451258  -69.238597756    3.438988856
    4.097521534  -69.333602455  -25.000025553
    4.104591811  -69.486315861  -13.061521616
    4.111662087  -69.455331403   22.196188849
    4.118732364  -69.180952789   51.032596764
    4.125802640  -68.793087186   52.862995570
    4.132872917  -68.485362344   29.773895167
    4.139943193  -68.377408266    0.053196060
    4.147013470  -68.452257644  -19.918976928
    4.154083746  -68.609961432  -23.379150949
    4.161154023  -68.751185651  -16.752605794
    4.168224299  -68.841689813  -10.822247429
    4.175294576  -68.919486014  -12.843169927
    4.182364852  -69.041004464  -23.855092200
    4.189435129  -69.251107982  -37.072484076
    4.196505405  -69.536343132  -43.014526864
    4.203575681  -69.823622709  -37.078995752
    4.210645958  -70.029201939  -20.448930536
    4.217716234  -70.106103779   -3.965195536
    4.224786511  -70.103607722    1.271286323
    4.231856787  -70.113536134   -5.884560446
    4.238927064  -70.177153527  -11.283118028
    4.245997340  -70.219646097    1.083827792
    4.253067617  -70.117148749   27.656706359
    4.260137893  -69.857279685   39.548709883
    4.267208170  -69.653947381    9.687160129
    4.274278446  -69.807014538  -58.446067020
    4.281348723  -70.470909275 -126.480378605
    4.288418999  -71.483077372 -151.038334765
    4.295489276  -72.450707990 -114.310282380
    4.302559552  -72.992580060  -36.904025508
    4.309629829  -72.968854447   38.306529006
    4.316700105  -72.542480275   72.909877626
    4.323770382  -72.060773838   54.592837762
    4.330840658  -71.845496471    2.059105468
    4.337910935  -72.013745027  -48.001011245
    4.344981211  -72.434665206  -65.249278140
    4.352051488  -72.845137759  -46.382156760
    4.359121764  -73.045297159  -10.341622511
    4.366192040  -73.003911281   17.348530269
    4.373262317  -72.837629748   24.543812124
    4.380332593  -72.685884537   16.578256703
    4.387402870  -72.603586106    6.384035125
    4.394473146  -72.563714674    5.225045282
    4.401543423  -72.507229415    9.824419808
    4.408613699  -72.427246271    9.290127528
    4.415683976  -72.394254221   -3.141045071
    4.422754252  -72.493587260  -26.020460758
    4.429824529  -72.755992918  -48.429323182
    4.436894805  -73.131886521  -56.350006469
    4.443965082  -73.494100463  -43.608429938
    4.451035358  -73.696405468  -12.269267329
    4.458105635  -73.634337124   29.256127415
    4.465175911  -73.286024142   65.439307430
    4.472246188  -72.754174692   79.462551278
    4.479316464  -72.229215156   63.100493558
    4.486386741  -71.898880682   27.792146457
    4.493457017  -71.822113985   -5.043252655
    4.500527294  -71.915290034  -19.444319172
    4.507597570  -72.041062718  -14.280514615
    4.514667847  -72.095621798   -2.434965180
    4.521738123  -72.069384387    7.287695144
    4.528808400  -71.998310823   10.532365264
    4.535878676  -71.931161422    6.390977216
    4.542948952  -71.907923620   -0.546117983
    4.550019229  -71.909253681    1.011855104
    4.557089505  -71.827584184   25.531603954
    4.564159782  -71.491438512   70.935214224
    4.571230058  -70.812962331  117.560709783
    4.578300335  -69.877635586  140.291914337
    4.585370611  -68.909478379  125.380231562
    4.592440888  -68.168439602   78.756578594
    4.599511164  -67.828200313   15.829310992
    4.606581441  -67.935018018  -45.273049025
    4.613651717  -68.412307853  -86.716203189
    4.620721994  -69.071061733  -94.799176914
    4.627792270  -69.667821093  -69.734376803
    4.634862547  -70.013407005  -27.438986395
    4.641932823  -70.057442580   10.004635208
    4.649003100  -69.897177496   30.620484333
    4.656073376  -69.658504699   34.406623130
    4.663143653  -69.414858173   34.481215982
    4.670213929  -69.145494887   42.087607672
    4.677284206  -68.798862478   54.111229616
    4.684354482  -68.401568215   53.811219413
    4.691424759  -68.101228404   25.193437886
    4.698495035  -68.093345219  -26.252415917
    4.705565312  -68.449698895  -71.231086639
    4.712635588  -68.999147731  -77.060792453
    4.719705864  -69.418306744  -36.519131089
    4.726776141  -69.460355350   23.354558335
    4.733846417  -69.135843163   60.829770883
    4.740916694  -68.694555798   55.626422966
    4.747986970  -68.407759119   22.485935003
    4.755057247  -68.350016597   -2.425931246
    4.762127523  -68.345270616    9.982736068
    4.769197800  -68.105108956   62.469863390
    4.776268076  -67.427181772  126.830609641
    4.783338353  -66.369215269  163.731653116
    4.790408629  -65.240976455  144.637867552
    4.797478906  -64.442352269   72.401818219
    4.804549182  -64.235571581  -13.730234724
    4.811619459  -64.546547150  -66.649003108
    4.818689735  -65.034528555  -63.363133515
    4.825760012  -65.335956483  -19.574274698
    4.832830288  -65.302267164   24.527062098
    4.839900565  -65.059800249   36.590140282
    4.846970841  -64.855828336   15.999321397
    4.854041118  -64.841821070  -11.785151078
    4.861111394  -64.964334575  -19.299089603
    4.868181671  -65.045458518   -2.131743724
    4.875251947  -64.974347785   19.678432343
    4.882322224  -64.824058402   16.287250003
    4.889392500  -64.824324856  -22.079514620
    4.896462776  -65.156524242  -72.290208569
    4.903533053  -65.759265378  -91.194692153
    4.910603329  -66.299856578  -53.162555799
    4.917673606  -66.401802987   27.205930090
    4.924743882  -65.923586981  101.096081994
    4.931814159  -65.085699971  125.017683108
    4.938884435  -64.287353960   93.041771747
    4.945954712  -63.814542533   39.928451050
    4.953024988  -63.659648138    8.890412258
    4.960095265  -63.594604248   13.973563110
    4.967165541  -63.413295474   36.254644642
    4.974235818  -63.099551502   48.949990157
    4.981306094  -62.765027019   42.858534475
    4.988376371  -62.499158476   32.196420471
    4.995446647  -62.273735179   32.458405597
    5.002516924  -62.011297578   39.431604618
    5.009587200  -61.736924305   33.249460677
    5.016657477  -61.609712761   -3.320505661
    5.023727753  -61.832621606  -61.981536297
    5.030798030  -62.463119071 -113.921585565
    5.037868306  -63.342949901 -128.834453245
    5.044938583  -64.164013708  -97.128208227
    5.052008859  -64.644478677  -37.534688212
    5.059079136  -64.695869712   18.146359392
    5.066149412  -64.452429974   44.426678484
    5.073219688  -64.151429141   34.275401177
    5.080289965  -64.004695548    4.889564128
    5.087360241  -64.067671065  -21.396358542
    5.094430518  -64.259226309  -30.297519335
    5.101500794  -64.450933348  -22.715075427
    5.108571071  -64.556508079   -7.775132759
    5.115641347  -64.563003104    3.906108846
    5.122711624  -64.514872219    6.663938794
    5.129781900  -64.480617159    1.382038159
    5.136852177  -64.495335953   -6.121288483
    5.143922453  -64.535654031   -4.116915764
    5.150992730  -64.506383266   13.697982207
    5.158063006  -64.316479244   38.999138594
    5.165133283  -63.982666322   50.388451563
    5.172203559  -63.671329708   31.443634614
    5.179273836  -63.591532278  -12.098407748
    5.186344112  -63.824468354  -51.376317522
    5.193414389  -64.229630738  -56.786301910
    5.200484665  -64.526044830  -22.312658457
    5.207554942  -64.493429204   31.119321817
    5.214625218  -64.111763043   70.982371302
    5.221695495  -63.563112035   77.075097513
    5.228765771  -63.091215768   52.140990414
    5.235836048  -62.838085571   19.090439874
    5.242906324  -62.769843322    3.184407958
    5.249976600  -62.725504655   11.293460401
    5.257046877  -62.578928956   29.250492854
    5.264117153  -62.341817456   32.664919260
    5.271187430  -62.164699287   13.233602657
    5.278257706  -62.174172589  -17.312144095
    5.285327983  -62.369561881  -34.858235217
    5.292398259  -62.598543285  -27.476230598
    5.299468536  -62.708899424   -3.761443038
    5.306538812  -62.659617815   13.974032854
    5.313609089  -62.548637812   14.084936637
    5.320679365  -62.475513336    6.204342951
    5.327749642  -62.416660064   13.259242010
    5.334819918  -62.211094411   48.580495076
    5.341890195  -61.684106578  100.103415410
    5.348960471  -60.818676696  139.612965667
    5.356030748  -59.788437388  143.700998711
    5.363101024  -58.858938778  114.124757963
    5.370171301  -58.197639164   72.285303175
    5.377241577  -57.797563216   41.958594275
    5.384311854  -57.544884265   31.092239918
    5.391382130  -57.346199769   22.748370311
    5.398452407  -57.258785375   -2.674276622
    5.405522683  -57.432015645  -49.442749940
    5.412592960  -57.950842142  -95.967225186
    5.419663236  -58.701778607 -109.933347950
    5.426733512  -59.386777783  -77.369618203
    5.433803789  -59.713515633  -13.475043496
    5.440874065  -59.581880028   47.013882839
    5.447944342  -59.121540988   76.066476973
    5.455014618  -58.576248283   72.648961136
    5.462084895  -58.127870824   52.118251383
    5.469155171  -57.837440071   29.368330352
    5.476225448  -57.698062730    8.598011043
    5.483295724  -57.714867802  -14.285186770
    5.490366001  -57.893949012  -35.664561106
    5.497436277  -58.176949895  -40.891488651
    5.504506554  -58.396664087  -17.654114732
    5.511576830  -58.368886463   25.246338602
    5.518647107  -58.056549990   56.946629489
    5.525717383  -57.658705773   47.057014908
    5.532787660  -57.490522832   -6.338956333
    5.539857936  -57.768078392  -72.317329306
    5.546928213  -58.440540987 -111.643371322
    5.553998489  -59.230336096 -105.584422100
    5.561068766  -59.842221720  -64.544798071
    5.568139042  -60.121778866  -16.508272344
    5.575209319  -60.108292431   16.549188164
    5.582279595  -59.934570108   29.018052860
    5.589349871  -59.713961494   30.929140046
    5.596420148  -59.482637295   34.643522823
    5.603490424  -59.210317975   42.653213834
    5.610560701  -58.879843843   48.206327316
    5.617630977  -58.540408570   45.541230451
    5.624701254  -58.250528287   35.416385983
    5.631771530  -58.028056742   27.281368539
    5.638841807  -57.833899843   28.293876051
    5.645912083  -57.624029241   28.236159481
    5.652982360  -57.465195012   12.585557459
    5.660052636  -57.481584897  -19.234140178
    5.667122913  -57.712063493  -43.159391134
    5.674193189  -57.994834313  -30.506615518
    5.681263466  -58.045416862   20.602459597
    5.688333742  -57.679941269   78.718213932
    5.695404019  -56.995890380  106.504630277
    5.702474295  -56.277034090   88.787823339
    5.709544572  -55.795509862   45.630350494
    5.716614848  -55.613213839    9.453728533
    5.723685125  -55.593387065   -1.666164583
    5.730755401  -55.573143367    8.192963645
    5.737825678  -55.469549194   19.449116309
    5.744895954  -55.322120859   19.681860962
    5.751966231  -55.207886163   10.627476018
    5.759036507  -55.161040275    1.752253168
    5.766106783  -55.156445839   -0.356795324
    5.773177060  -55.142721896    3.563986189
    5.780247336  -55.093696932    9.135353735
    5.787317613  -55.025583586    8.331917699
    5.794387889  -55.005051145   -5.949236343
    5.801458166  -55.130239051  -31.987570571
    5.808528442  -55.443053267  -54.890985331
    5.815598719  -55.837285818  -51.140354859
    5.822668995  -56.064504503   -7.461677872
    5.829739272  -55.872382654   63.341720558
    5.836809548  -55.186297993  125.125128972
    5.843879825  -54.207310875  141.215030005
    5.850950101  -53.315536008  102.159613578
    5.858020378  -52.842027602   28.138950404
    5.865090654  -52.906806082  -44.665956613
    5.872160931  -53.392848358  -86.906771649
    5.879231207  -54.032372450  -88.931176523
    5.886301484  -54.566043346  -58.305383765
    5.893371760  -54.821261015  -13.927720378
    5.900442037  -54.763249363   28.119874101
    5.907512313  -54.450149562   56.531501106
    5.914582590  -53.995692144   66.925241895
    5.921652866  -53.539071250   58.584249906
    5.928723143  -53.211724321   30.388161191
    5.935793419  -53.141371592  -13.588549310
    5.942863695  -53.405658739  -60.842513744
    5.949933972  -53.967377704  -95.421293436
    5.957004248  -54.684623692 -102.958117900
    5.964074525  -55.341333591  -78.445501884
    5.971144801  -55.729004235  -30.659350277
    5.978215078  -55.746404193   23.900781537
    5.985285354  -55.424114833   63.166237685
    5.992355631  -54.919945631   72.844974580
    5.999425907  -54.458305686   53.078168704
    6.006496184  -54.207965456   15.567824397
    6.013566460  -54.226735540  -20.186300640
    6.020636737  -54.443733326  -38.393233967
    6.027707013  -54.720723560  -37.457449230
    6.034777290  -54.947738102  -28.254598233
    6.041847566  -55.120287267  -22.388892646
    6.048917843  -55.277041231  -24.160984203
    6.055988119  -55.445189739  -22.875909198
    6.063058396  -55.555685861   -6.105700130
    6.070128672  -55.490403465   25.609096962
    6.077198949  -55.196567575   53.955835599
    6.084269225  -54.785390732   55.354089028
    6.091339502  -54.490179971   22.503398138
    6.098409778  -54.508414892  -28.416184052
    6.105480055  -54.858344072  -68.646476718
    6.112550331  -55.393022604  -78.118988279
    6.119620607  -55.900381044  -63.222657628
    6.126690884  -56.257111099  -38.300064015
    6.133761160  -56.433388261  -12.779521465
    6.140831437  -56.436373798   11.110842526
    6.147901713  -56.284236922   29.411134962
    6.154971990  -56.044920036   34.880839167
    6.162042266  -55.822294004   24.665094200
    6.169112543  -55.702178788    8.646131902
    6.176182819  -55.673310457    1.688956976
    6.183253096  -55.648442557    6.264352107
    6.190323372  -55.580495959    9.419238077
    6.197393649  -55.535398014   -0.043140863
    6.204463925  -55.605387165  -21.047641855
    6.211534202  -55.807105891  -33.218425046
    6.218604478  -56.009570332  -20.419363643
    6.225674755  -56.034730406   14.455020490
    6.232745031  -55.798742813   48.635273933
    6.239815308  -55.400726108   57.942944711
    6.246885584  -55.051646184   34.878342014
    6.253955861  -54.943229255   -5.450573372
    6.261026137  -55.115012525  -42.197598378
    6.268096414  -55.486135734  -60.619298903
    6.275166690  -55.928514124  -62.881153949
    6.282236967  -56.358166183  -59.392096485
    6.289307243  -56.749759462  -50.978672485
    6.296377519  -57.041943848  -28.766479554
    6.303447796  -57.101067336   14.460598277
    6.310518072  -56.803264584   68.313068965
    6.317588349  -56.174111153  102.631495058
    6.324658625  -55.453011533   92.776860374
    6.331728902  -54.960697394   40.660391576
    6.338799178  -54.897666166  -22.255087097
    6.345869455  -55.217859706  -63.206499048
    6.352939731  -55.702384046  -69.457197221
    6.360010008  -56.127430111  -48.234500917
    6.367080284  -56.349527691  -15.587282685
    6.374150561  -56.334563176   18.966284022
    6.381220837  -56.097375823   45.272490977
    6.388291114  -55.726038053   54.746248770
    6.395361390  -55.360016958   45.401216132
    6.402431667  -55.102438739   26.313890001
    6.409501943  -54.960910608   15.828066514
    6.416572220  -54.835440434   21.457876674
    6.423642496  -54.641309323   31.117054587
    6.430712773  -54.423847651   25.963963524
    6.437783049  -54.318671523    0.013749332
    6.444853326  -54.428110244  -30.778384049
    6.451923602  -54.700778662  -41.886961614
    6.458993879  -54.946108421  -23.282957107
    6.466064155  -54.973142155   16.199844115
    6.473134431  -54.702076400   58.474536831
    6.480204708  -54.173970607   87.148799003
    6.487274984  -53.510236671   96.667518608
    6.494345261  -52.839837589   89.704175996
    6.501415537  -52.264304881   70.217525988
    6.508485814  -51.860104866   41.683243398
    6.515556090  -51.685739495    5.794933837
    6.522626367  -51.784798609  -34.428839815
    6.529696643  -52.160691909  -71.042904978
    6.536766920  -52.747789755  -93.264971960
    6.543837196  -53.415780360  -92.397320533
    6.550907473  -53.995813349  -68.876468173
    6.557977749  -54.352554983  -31.314998187
    6.565048026  -54.430034446    7.554076920
    6.572118302  -54.265729561   34.699523073
    6.579188579  -53.982253942   41.833367835
    6.586258855  -53.722208020   28.340576161
    6.593329132  -53.605876450    2.278329655
    6.600399408  -53.681265288  -23.480320394
    6.607469685  -53.906201312  -38.527047249
    6.614539961  -54.186771533  -39.001197628
    6.621610238  -54.426130566  -27.859479838
    6.628680514  -54.568389878  -13.860983999
    6.635750790  -54.628367637   -5.476761569
    6.642821067  -54.660839529   -5.724106867
    6.649891343  -54.709781891  -10.527531803
    6.656961620  -54.794376221  -13.308586093
    6.664031896  -54.893995425  -16.098440511
    6.671102173  -55.024176376  -22.564160035
    6.678172449  -55.216869734  -32.529506940
    6.685242726  -55.470855434  -38.629913495
    6.692313002  -55.723583103  -30.763128986
    6.699383279  -55.867780773   -8.783107559
    6.706453555  -55.835016358   16.441851102
    6.713523832  -55.653835290   30.710991045
    6.720594108  -55.436525369   26.908517504
    6.727664385  -55.300236743   10.118191641
    6.734734661  -55.287026838   -4.964699029
    6.741804938  -55.327134347   -4.143376841
    6.748875214  -55.286992354   17.702912512
    6.755945491  -55.055016899   46.467507120
    6.763015767  -54.660145190   59.719549343
    6.770086044  -54.288000709   38.306759793
    6.777156320  -54.193022234  -16.413128488
    6.784226597  -54.535607823  -80.116450172
    6.791296873  -55.266000950 -120.810466543
    6.798367150  -56.142685629 -121.087606129
    6.805437426  -56.892009252  -87.987564917
    6.812507702  -57.361984827  -46.101458982
    6.819577979  -57.575802471  -18.876194840
    6.826648255  -57.675638687  -13.960811579
    6.833718532  -57.806901142  -25.694133006
    6.840788808  -58.036950537  -39.502434220
    6.847859085  -58.317219954  -35.902127221
    6.854929361  -58.467310838   -1.038249989
    6.861999638  -58.258419196   62.689686300
    6.869069914  -57.570585008  128.270109878
    6.876140191  -56.525007542  157.480552399
    6.883210467  -55.472122823  129.039665655
    6.890280744  -54.790053573   59.492020728
    6.897351020  -54.624631316   -9.389930394
    6.904421297  -54.820507105  -38.404583283
    6.911491573  -55.042610276  -18.438701144
    6.918561850  -55.013679410   26.422375720
    6.925632126  -54.682262621   62.664997798
    6.932702403  -54.196220991   68.525571582
    6.939772679  -53.775730506   45.651864787
    6.946842956  -53.572021522    9.863355865
    6.953913232  -53.620170446  -22.686008124
    6.960983509  -53.857041430  -42.596522528
    6.968053785  -54.172764999  -44.450879313
    6.975124062  -54.439418927  -29.044677059
    6.982194338  -54.547004675   -1.564696435
    6.989264614  -54.449429787   27.639503868
    6.996334891  -54.168023297   49.255040764
    7.003405167  -53.764668850   63.165389701
    7.010475444  -53.282748235   72.496596798
    7.017545720  -52.744339109   78.004598701
    7.024615997  -52.199670716   72.779575434
    7.031686273  -51.752488263   49.685484076
    7.038756550  -51.528457084   11.463904868
    7.045826826  -51.587037693  -27.584431169
    7.052897103  -51.874467368  -51.030973294
    7.059967379  -52.246825136  -51.747404239
    7.067037656  -52.560415729  -36.783759073
    7.074107932  -52.755238301  -20.333053012
    7.081178209  -52.871776309  -15.757165118
    7.088248485  -53.006566706  -24.483238422
    7.095318762  -53.219737584  -35.156520128
    7.102389038  -53.457133824  -29.075490352
    7.109459315  -53.562372881    2.798104633
    7.116529591  -53.378630829   48.985925090
    7.123599868  -52.896553496   81.764837386
    7.130670144  -52.310289790   75.868436944
    7.137740421  -51.919480584   27.622254069
    7.144810697  -51.945606988  -34.802925935
    7.151880974  -52.350465108  -73.839777196
    7.158951250  -52.865453920  -64.206753574
    7.166021526  -53.147419332  -10.593360983
    7.173091803  -52.979227377   56.367804150
    7.180162079  -52.389442051  104.294300767
    7.187232356  -51.589572436  114.381584622
    7.194302632  -50.854852159   87.436412612
    7.201372909  -50.396665382   38.807638030
    7.208443185  -50.289337294   -6.536192547
    7.215513462  -50.424128086  -26.820926609
    7.222583738  -50.573241619  -10.023288674
    7.229654015  -50.500131253   32.526676616
    7.236724291  -50.117290505   70.962045560
    7.243794568  -49.565892465   76.708660871
    7.250864844  -49.117895137   44.279647579
    7.257935121  -48.969133533   -2.916619022
    7.265005397  -49.100148476  -28.670369926
    7.272075674  -49.278110191  -16.697392793
    7.279145950  -49.268657669   19.975092745
    7.286216227  -49.005786631   49.901808290
    7.293286503  -48.631847194   50.134101980
    7.300356780  -48.365796328   20.707282840
    7.307427056  -48.354653271  -17.965281430
    7.314497333  -48.589745065  -46.284247670
    7.321567609  -48.951090338  -52.951020080
    7.328637886  -49.280630883  -37.717319634
    7.335708162  -49.443481431   -6.734438698
    7.342778438  -49.359694280   29.454685211
    7.349848715  -49.032655106   60.517065233
    7.356918991  -48.529960200   78.033952759
    7.363989268  -47.961479194   79.783398664
    7.371059544  -47.426709093   68.820587664
    7.378129821  -47.006313262   47.482513673
    7.385200097  -46.777904791   14.738963397
    7.392270374  -46.814984982  -26.668273164
    7.399340650  -47.138476458  -63.240382086
    7.406410927  -47.638739404  -73.234507065
    7.413481203  -48.072732485  -43.927383021
    7.420551480  -48.182583563   15.036001170
    7.427621756  -47.857716140   72.683666183
    7.434692033  -47.226192587   98.046217841
    7.441762309  -46.574261286   78.606811948
    7.448832586  -46.181218630   29.915396652
    7.455902862  -46.149365559  -19.181349291
    7.462973139  -46.387431295  -45.446650999
    7.470043415  -46.718358465  -44.316755556
    7.477113692  -46.980558662  -29.209723497
    7.484183968  -47.121104815  -11.487010466
    7.491254245  -47.136751208    6.924295267
    7.498324521  -47.001400201   32.268797216
    7.505394798  -46.650695342   67.107588302
    7.512465074  -46.040023973  104.050054991
    7.519535350  -45.213545552  125.393955040
    7.526605627  -44.334449848  116.923852155
    7.533675903  -43.625868290   79.187942210
    7.540746180  -43.252823591   24.285404394
    7.547816456  -43.273990285  -30.885972680
    7.554886733  -43.655601032  -75.252982119
    7.561957009  -44.305389308 -106.869598052
    7.569027286  -45.124663748 -122.125390042
    7.576097562  -45.976871052 -115.191763060
    7.583167839  -46.684704690  -81.226428262
    7.590238115  -47.066350860  -24.785566703
    7.597308392  -47.014650309   37.775252207
    7.604378668  -46.572863321   81.673537985
    7.611448945  -45.942156594   89.745390480
    7.618519221  -45.385592150   62.385673078
    7.625589498  -45.086726010   22.214937110
    7.632659774  -45.029505791   -2.339590996
    7.639730051  -45.039537464    3.547656477
    7.646800327  -44.928478017   27.988406765
    7.653870604  -44.657457706   43.592422420
    7.660940880  -44.366349313   33.609553826
    7.668011157  -44.226120427    2.999313975
    7.675081433  -44.309294747  -24.645715644
    7.682151710  -44.520581177  -32.263221071
    7.689221986  -44.704967306  -17.857019271
    7.696292262  -44.741038591    7.948239576
    7.703362539  -44.591661618   32.813998095
    7.710432815  -44.295205036   48.347525151
    7.717503092  -43.945941171   46.891681210
    7.724573368  -43.675322598   25.821551207
    7.731643645  -43.602408860   -6.575323042
    7.738713921  -43.740922024  -29.685118331
    7.745784198  -43.951314900  -24.163511234
    7.752854474  -44.010507468    9.898977993
    7.759924751  -43.794879053   49.139119501
    7.766995027  -43.376557086   62.104183031
    7.774065304  -43.000038638   38.377325787
    7.781135580  -42.879052761   -5.642146290
    7.788205857  -43.047970678  -38.737381321
    7.795276133  -43.344020939  -40.462446495
    7.802346410  -43.548896165  -15.966995864
    7.809416686  -43.555799131   11.895585221
    7.816486963  -43.418429845   22.610937863
    7.823557239  -43.283401495   12.317819831
    7.830627516  -43.266745676   -9.139722040
    7.837697792  -43.396791847  -26.468211641
    7.844768069  -43.602389438  -29.612297917
    7.851838345  -43.770993366  -15.981215116
    7.858908621  -43.789666861   11.806587262
    7.865978898  -43.579487265   47.487189843
    7.873049174  -43.122095310   80.422958909
    7.880119451  -42.475059150   97.156463790
    7.887189727  -41.797746194   89.329042881
    7.894260004  -41.267431507   56.839982136
    7.901330280  -41.009434668   16.639653005
    7.908400557  -40.986105063   -6.727988756
    7.915470833  -41.010548210    5.723116974
    7.922541110  -40.833207983   47.020576591
    7.929611386  -40.330528821   92.495259206
    7.936681663  -39.575995589  114.577408246
    7.943751939  -38.786687001  102.212001010
    7.950822216  -38.182434702   65.481262584
    7.957892492  -37.864451368   24.543751037
    7.964962769  -37.804559174   -5.991863135
    7.972033045  -37.922688983  -27.435389798
    7.979103322  -38.182792937  -46.712693373
    7.986173598  -38.582233422  -65.991106622
    7.993243875  -39.094202076  -77.188850677
    8.000314151  -39.622404602  -69.978820121
    8.007384428  -40.039104898  -46.876630305
    8.014454704  -40.276663739  -22.214357503
    8.021524981  -40.370579567   -7.361168280
    8.028595257  -40.400615392   -2.771611076
    8.035665533  -40.409145577    0.085305785
    8.042735810  -40.383611971    7.923790764
    8.049806086  -40.285841902   18.793359952
    8.056876363  -40.108469131   30.888750505
    8.063946639  -39.845974831   43.496539121
    8.071016916  -39.483031758   58.742833818
    8.078087192  -39.008799798   73.869115250
    8.085157469  -38.464314578   76.310698120
    8.092227745  -37.981918427   55.342666599
    8.099298022  -37.723644781   15.265123493
    8.106368298  -37.753741627  -21.176863882
    8.113438575  -37.949993503  -28.790865064
    8.120508851  -38.063743687    0.583878212
    8.127579128  -37.893153532   47.485899560
    8.134649404  -37.429940014   77.955322829
    8.141719681  -36.872568641   72.931936470
    8.148789957  -36.462418571   39.974994157
    8.155860234  -36.311057993    3.715582050
    8.162930510  -36.358759601  -13.964177631
    8.170000787  -36.453681007  -10.805453714
    8.177071063  -36.493783421   -1.610026694
    8.184141340  -36.496405167   -2.012058930
    8.191211616  -36.547943812  -14.358652806
    8.198281893  -36.692645092  -24.684184264
    8.205352169  -36.844037706  -15.257001464
    8.212422445  -36.834470381   21.212251672
    8.219492722  -36.513495816   68.821325555
    8.226562998  -35.893603012  101.203222290
    8.233633275  -35.165292135   96.952441835
    8.240703551  -34.609677184   54.466057470
    8.247773828  -34.439719825   -7.790873828
    8.254844104  -34.689836140  -60.185802609
    8.261914381  -35.191658800  -74.612699903
    8.268984657  -35.630244365  -42.337917629
    8.276054934  -35.716844907   19.694868652
    8.283125210  -35.354720500   78.680753461
    8.290195487  -34.686824222  101.532441555
    8.297265763  -34.021067142   79.021711464
    8.304336040  -33.630436765   28.518713408
    8.311406316  -33.603682221  -18.169603383
    8.318476593  -33.816119332  -36.569091298
    8.325546869  -34.032940019  -20.441411222
    8.332617146  -34.042215472   19.942061235
    8.339687422  -33.740219627   64.371556585
    8.346757699  -33.157260230   97.042601198
    8.353827975  -32.404631223  112.500659517
    8.360898252  -31.594571068  113.870880918
    8.367968528  -30.806445327  107.373113727
    8.375038805  -30.093891854   92.104575920
    8.382109081  -29.537110846   62.354479211
    8.389179357  -29.251217478   15.748690864
    8.396249634  -29.323528074  -36.104004763
    8.403319910  -29.711968349  -69.435984526
    8.410390187  -30.207603532  -63.591080817
    8.417460463  -30.516811454  -19.829166870
    8.424530740  -30.456247181   34.622569287
    8.431601016  -30.092403291   60.572134314
    8.438671293  -29.726800795   32.893336883
    8.445741569  -29.725810017  -37.894138659
    8.452811846  -30.277125438 -116.395528750
    8.459882122  -31.293294970 -164.050170918
    8.466952399  -32.478481621 -163.461853317
    8.474022675  -33.501559217 -120.522308684
    8.481092952  -34.132924392  -56.699931089
    8.488163228  -34.309587996    3.136747711
    8.495233505  -34.145012607   37.129055072
    8.502303781  -33.878859356   30.101123791
    8.509374058  -33.795833667  -11.325866619
    8.516444334  -34.049584584  -58.127564695
    8.523514611  -34.532279104  -69.907355469
    8.530584887  -34.886952842  -20.034188887
    8.537655164  -34.684200586   83.061428355
    8.544725440  -33.681202030  197.555063124
    8.551795717  -31.984308851  271.420736896
    8.558865993  -30.019508285  270.128942555
    8.565936269  -28.330414611  197.571174465
    8.573006546  -27.303571818   89.780020780
    8.580076822  -27.020362669   -4.632068954
    8.587147099  -27.269065790  -59.110937043
    8.594217375  -27.766440575  -77.748157376
    8.601287652  -28.342396848  -85.883431488
    8.608357928  -28.994367311 -100.764604693
    8.615428205  -29.769235456 -118.002077574
    8.622498481  -30.622487857 -119.813062494
    8.629568758  -31.398167322  -95.994959694
    8.636639034  -31.926656268  -51.657543903
    8.643709311  -32.117990163   -4.040900967
    8.650779587  -32.007613319   32.409144900
    8.657849864  -31.702867944   50.855343347
    8.664920140  -31.328820859   51.878557658
    8.671990417  -30.996827030   39.492556216
    8.679060693  -30.783116784   19.783933569
    8.686130970  -30.713065409    0.777007323
    8.693201246  -30.748265073   -8.814537377
    8.700271523  -30.798939356   -3.577862569
    8.707341799  -30.775001672    9.786750607
    8.714412076  -30.675181871   14.862054413
    8.721482352  -30.622553586   -5.340151136
    8.728552629  -30.810601327  -51.038491183
    8.735622905  -31.351593302 -101.094164314
    8.742693181  -32.175031167 -125.784547531
    8.749763458  -33.034299513 -111.477438456
    8.756833734  -33.683762776  -71.408520502
    8.763904011  -34.053084989  -37.782043178
    8.770974287  -34.296035588  -37.521735705
    8.778044564  -34.666537322  -72.429616524
    8.785114840  -35.338578960 -116.526686874
    8.792185117  -36.257444125 -137.892658854
    8.799255393  -37.180508898 -116.410466269
    8.806325670  -37.801493914  -54.319723808
    8.813395946  -37.903475745   25.753511676
    8.820466223  -37.461114357   94.711021170
    8.827536499  -36.645167737  128.143814714
    8.834606776  -35.754290903  115.698209013
    8.841677052  -35.097321538   64.271819648
    8.848747329  -34.880172214   -3.861331856
    8.855817605  -35.130972818  -64.460622935
    8.862887882  -35.723702575  -97.957321542
    8.869958158  -36.427497335  -95.489994547
    8.877028435  -36.989930292  -59.259138162
    8.884098711  -37.216456525   -3.962217633
    8.891168988  -37.053524100   45.717265677
    8.898239264  -36.632808261   67.036839038
    8.905309540  -36.195096679   50.255726705
    8.912379817  -35.971929125    9.736868384
    8.919450093  -36.048347667  -29.549175274
    8.926520370  -36.345360171  -51.228386594
    8.933590646  -36.723186508  -53.520678204
    8.940660923  -37.070162179  -44.171312485
    8.947731199  -37.329953972  -28.928252286
    8.954801476  -37.463656910   -8.167297109
    8.961871752  -37.430162848   16.202903444
    8.968942029  -37.233688093   37.491440367
    8.976012305  -36.939092428   40.593305908
    8.983082582  -36.705940685   20.917324405
    8.990152858  -36.679348775  -14.597688682
    8.997223135  -36.903507530  -46.399007099
    9.004293411  -37.280064928  -56.347816641
    9.011363688  -37.627523071  -39.230529456
    9.018433964  -37.791271368   -6.627774227
    9.025504241  -37.726411346   22.229126932
    9.032574517  -37.515882458   33.444601582
    9.039644794  -37.297513324   24.116112940
    9.046715070  -37.197899811    2.281613339
    9.053785347  -37.257103082  -18.241287630
    9.060855623  -37.416176178  -23.926643545
    9.067925900  -37.544513792   -9.862734411
    9.074996176  -37.523404866   15.573833992
    9.082066452  -37.336173544   34.967969226
    9.089136729  -37.076009367   33.785828483
    9.096207005  -36.896423474   13.265989941
    9.103277282  -36.894528332  -12.503409456
    9.110347558  -37.045940641  -28.354818835
    9.117417835  -37.252751169  -28.418612453
    9.124488111  -37.424479237  -20.171959831
    9.131558388  -37.540810916  -13.793553628
    9.138628664  -37.630759697  -12.969299444
    9.145698941  -37.729154278  -15.880678579
    9.152769217  -37.860211308  -22.585351223
    9.159839494  -38.061641072  -36.396475636
    9.166909770  -38.388036485  -57.332152311
    9.173980047  -38.855952974  -73.540997232
    9.181050323  -39.366924935  -66.738262072
    9.188120600  -39.718827557  -27.861308228
    9.195190876  -39.706192444   32.157702556
    9.202261153  -39.260729339   90.590789307
    9.209331429  -38.472367589  127.230169729
    9.216401706  -37.520364235  138.199968333
    9.223471982  -36.553448261  132.363396328
    9.230542259  -35.651982990  121.141759874
    9.237612535  -34.845780810  105.643343732
    9.244682812  -34.177887750   80.135887990
    9.251753088  -33.728189241   45.765403660
    9.258823364  -33.522881063   14.641189489
    9.265893641  -33.465509586    5.679677652
    9.272963917  -33.356234668   29.540667069
    9.280034194  -32.989437032   75.250259269
    9.287104470  -32.297315779  117.266700139
    9.294174747  -31.386007032  134.589627495
    9.301245023  -30.445423706  128.250749606
    9.308315300  -29.576214774  119.235619512
    9.315385576  -28.694540829  135.562017924
    9.322455853  -27.551206023  194.188211699
    9.329526129  -25.850591008  291.355713682
    9.336596406  -23.389480865  404.312176181
    9.343666682  -20.164305014  502.664260978
    9.350736959  -16.382241586  557.103827456
    9.357807235  -12.422339994  551.824789896
    9.364877512   -8.712936532  488.217780021
    9.371947788   -5.607170630  385.109903936
    9.379018065   -3.288579390  270.436168702
    9.386088341   -1.747846309  168.783820611
    9.393158618   -0.836707686   93.228875890
    9.400228894   -0.358783022   45.418193099
    9.407299171   -0.137717651   19.589929839
    9.414369447   -0.046661755    7.364734133
    9.421439724   -0.013016966    2.235359656
    9.428510000   -0.003235521    0.605452285
