#! FIELDS F399_dist file.free der_F399_dist
#! SET min_F399_dist 0.350275
#! SET max_F399_dist 9.42851
#! SET nbins_F399_dist  1285
#! SET periodic_F399_dist false
    0.350275000   -0.005976289   -1.087831979
    0.357345276   -0.021993922   -3.683122076
    0.364415553   -0.069859629  -10.642509263
    0.371485829   -0.195920774  -26.863051554
    0.378556106   -0.490039014  -59.792617460
    0.385626382   -1.102807929 -118.473933885
    0.392696659   -2.244331468 -209.849509876
    0.399766935   -4.146840290 -332.608938466
    0.406837212   -6.991078005 -472.536026502
    0.413907488  -10.805474971 -601.468324757
    0.420977765  -15.389959846 -684.744670986
    0.428048041  -20.318101562 -696.037412448
    0.435118318  -25.059507061 -634.264577981
    0.442188594  -29.187231641 -529.688093712
    0.449258871  -32.567458871 -431.295768620
    0.456329147  -35.402748474 -380.070015682
    0.463399424  -38.082998816 -386.070304490
    0.470469700  -40.951507424 -428.348526774
    0.477539977  -44.155776026 -476.644527233
    0.484610253  -47.667503118 -514.390430195
    0.491680530  -51.417741597 -545.586866320
    0.498750806  -55.398129302 -581.382081704
    0.505821083  -59.658053677 -624.424645761
    0.512891359  -64.209074844 -659.433497428
    0.519961636  -68.910464666 -663.953271972
    0.527031912  -73.479327956 -620.469286686
    0.534102188  -77.580504394 -534.182919070
    0.541172465  -80.990051410 -430.807358866
    0.548242741  -83.711309436 -343.816819616
    0.555313018  -85.936929893 -292.921636199
    0.562383294  -87.927351319 -274.322783000
    0.569453571  -89.849417497 -270.395734559
    0.576523847  -91.732226873 -260.939587707
    0.583594124  -93.489460390 -233.064408713
    0.590664400  -94.968826872 -182.230228760
    0.597734677  -96.007120930 -109.398364748
    0.604804953  -96.483922020  -25.991801263
    0.611875230  -96.388788833   48.816932516
    0.618945506  -95.851078342   96.152536960
    0.626015783  -95.090950799  112.968439682
    0.633086059  -94.288784899  111.615370571
    0.640156336  -93.501808193  111.269119424
    0.647226612  -92.681819255  121.283945992
    0.654296889  -91.771786259  133.913147026
    0.661367165  -90.794341032  139.125797591
    0.668437442  -89.810830328  137.112190485
    0.675507718  -88.830720157  140.861411805
    0.682577995  -87.759378044  163.638533596
    0.689648271  -86.470091133  200.968975327
    0.696718548  -84.923215138  230.694370259
    0.703788824  -83.255842360  234.897745050
    0.710859100  -81.664364723  209.983622101
    0.717929377  -80.303914845  173.593282257
    0.724999653  -79.182978841  143.871837098
    0.732069930  -78.223178807  127.047932418
    0.739140206  -77.378931734  108.577506015
    0.746210483  -76.733227518   67.337692374
    0.753280759  -76.498181686   -7.273826414
    0.760351036  -76.880910020 -103.764264163
    0.767421312  -77.933403246 -191.737968662
    0.774491589  -79.489840248 -242.302048001
    0.781561865  -81.249556433 -250.682908937
    0.788632142  -82.964429455 -233.276006552
    0.795702418  -84.539514156 -215.033263099
    0.802772695  -86.017404835 -205.762972686
    0.809842971  -87.456545676 -202.192932093
    0.816913248  -88.865601563 -197.149892671
    0.823983524  -90.228246007 -189.397263206
    0.831053801  -91.534672205 -180.338279444
    0.838124077  -92.755862837 -163.942819596
    0.845194354  -93.795958421 -126.348993565
    0.852264630  -94.485992168  -67.511814431
    0.859334907  -94.731783980   -5.655151501
    0.866405183  -94.621529193   29.226449520
    0.873475460  -94.403964125   24.623092759
    0.880545736  -94.320626401   -3.167190217
    0.887616012  -94.419359796  -22.901680762
    0.894686289  -94.566578397  -13.905092501
    0.901756565  -94.556443706   17.095217871
    0.908826842  -94.300847076   53.837498523
    0.915897118  -93.811505950   81.587179241
    0.922967395  -93.161240595   99.295601909
    0.930037671  -92.408433772  109.901176959
    0.937107948  -91.612898467  112.178102262
    0.944178224  -90.847198309  100.033450614
    0.951248501  -90.217102552   74.884883901
    0.958318777  -89.798083472   41.321623600
    0.965389054  -89.618683743   10.318250361
    0.972459330  -89.620906032  -10.212447452
    0.979529607  -89.708505504  -13.392753141
    0.986599883  -89.762014295   -1.086915704
    0.993670160  -89.704699779   15.199472986
    1.000740436  -89.559978052   22.147389203
    1.007810713  -89.426960536   10.455952351
    1.014880989  -89.436176758  -17.378108378
    1.021951266  -89.674077731  -50.014875211
    1.029021542  -90.114385997  -72.854136333
    1.036091819  -90.632989772  -70.362910417
    1.043162095  -91.034735496  -41.792153224
    1.050232371  -91.179627276    0.034077497
    1.057302648  -91.058594786   29.177633680
    1.064372924  -90.815623734   34.487599774
    1.071443201  -90.594038268   26.079538299
    1.078513477  -90.416680090   25.147576340
    1.085583754  -90.192346622   38.280673134
    1.092654030  -89.872039199   49.159845635
    1.099724307  -89.549556343   35.410611383
    1.106794583  -89.422663934   -4.024025515
    1.113864860  -89.604044255  -46.552120331
    1.120935136  -90.005030993  -62.371632989
    1.128005413  -90.374276501  -36.725901871
    1.135075689  -90.442749820   18.136396398
    1.142145966  -90.105393926   72.939062547
    1.149216242  -89.474579447   97.610619181
    1.156286519  -88.820928776   79.223984420
    1.163356795  -88.412865742   32.288192493
    1.170427072  -88.341595291  -10.901778937
    1.177497348  -88.479442465  -22.416040621
    1.184567625  -88.566076168    0.996484170
    1.191637901  -88.407626490   43.553321750
    1.198708178  -87.951082181   82.578201500
    1.205778454  -87.265509541  106.571998236
    1.212848731  -86.463524142  117.327957183
    1.219919007  -85.625072331  116.370003036
    1.226989283  -84.835097813  103.441208059
    1.234059560  -84.175756944   80.209071562
    1.241129836  -83.688743320   57.634309018
    1.248200113  -83.310780577   52.264037398
    1.255270389  -82.878839435   72.884008622
    1.262340666  -82.223514134  112.247770547
    1.269410942  -81.282905084  150.297395105
    1.276481219  -80.140693915  166.377705218
    1.283551495  -78.980301111  156.738675815
    1.290621772  -77.953029231  131.622717139
    1.297692048  -77.110465144  105.240812248
    1.304762325  -76.441399784   81.982932485
    1.311832601  -75.952264331   54.186329001
    1.318902878  -75.695444010   15.817621957
    1.325973154  -75.711809816  -20.361678745
    1.333043431  -75.907021086  -29.650841641
    1.340113707  -76.028335261   -0.262179927
    1.347183984  -75.837320665   54.881243565
    1.354254260  -75.264087026  100.921763515
    1.361324537  -74.483516449  112.024230982
    1.368394813  -73.753567491   90.186477145
    1.375465090  -73.210735213   64.156621064
    1.382535366  -72.779518735   61.660136176
    1.389605643  -72.270518974   83.415795950
    1.396675919  -71.589307796  105.782204769
    1.403746195  -70.825793904  104.267768709
    1.410816472  -70.166920155   78.886591679
    1.417886748  -69.711111126   50.280068709
    1.424957025  -69.398116260   40.593795590
    1.432027301  -69.086892515   48.192755494
    1.439097578  -68.713662913   52.977691489
    1.446167854  -68.381996094   35.196371163
    1.453238131  -68.272585089   -8.520467783
    1.460308407  -68.516606924  -60.106305414
    1.467378684  -69.069522853  -92.510994462
    1.474448960  -69.719587062  -86.037522867
    1.481519237  -70.180563954  -40.169684218
    1.488589513  -70.239489683   23.058220989
    1.495659790  -69.882552520   72.107382951
    1.502730066  -69.307350167   81.675192420
    1.509800343  -68.814981789   50.783798024
    1.516870619  -68.615680933    5.068491523
    1.523940896  -68.681329950  -18.406489034
    1.531011172  -68.756101431    4.080922138
    1.538081449  -68.519626255   66.556293737
    1.545151725  -67.797539442  133.658147005
    1.552222002  -66.693046525  169.935197365
    1.559292278  -65.496887983  160.440164767
    1.566362555  -64.490136226  120.519535982
    1.573432831  -63.781054017   80.954986411
    1.580503107  -63.280750860   63.278171710
    1.587573384  -62.828882199   66.531703393
    1.594643660  -62.315126384   77.728035108
    1.601713937  -61.715182745   91.113083062
    1.608784213  -61.015939877  105.396044067
    1.615854490  -60.213465060  120.043042220
    1.622924766  -59.330899070  126.279429500
    1.629995043  -58.447133491  120.837376255
    1.637065319  -57.613237264  115.615400323
    1.644135596  -56.749260951  133.732344842
    1.651205872  -55.639810433  183.552498365
    1.658276149  -54.110418749  247.590372228
    1.665346425  -52.182698229  289.765931688
    1.672416702  -50.110360930  287.809173596
    1.679486978  -48.200126681  246.949604164
    1.686557255  -46.634034194  195.851410484
    1.693627531  -45.384304030  159.861440928
    1.700697808  -44.298375168  150.653351349
    1.707768084  -43.196011161  162.162219552
    1.714838361  -41.969002545  184.953640538
    1.721908637  -40.580530476  205.671393079
    1.728978914  -39.082639163  214.962290079
    1.736049190  -37.576968688  205.319396371
    1.743119467  -36.202696876  180.822232741
    1.750189743  -35.029926889  151.243831186
    1.757260019  -34.025528212  135.483438946
    1.764330296  -33.033297357  150.190005240
    1.771400572  -31.820484987  196.355830779
    1.778470849  -30.214471647  256.842370307
    1.785541125  -28.215960627  302.945765534
    1.792611402  -26.017240069  310.861110143
    1.799681678  -23.917472187  276.032915168
    1.806751955  -22.168340585  216.355998635
    1.813822231  -20.852291844  157.321970931
    1.820892508  -19.900310921  114.103322173
    1.827962784  -19.208505018   80.612050361
    1.835033061  -18.774990615   39.149915505
    1.842103337  -18.695552694  -19.648558422
    1.849173614  -19.047689438  -77.381636856
    1.856243890  -19.702106148  -99.830336932
    1.863314167  -20.315091686  -64.301948306
    1.870384443  -20.501523551   15.173856333
    1.877454720  -20.094472095   96.150048251
    1.884524996  -19.240146934  136.129618328
    1.891595273  -18.298333449  121.873694882
    1.898665549  -17.601231852   71.848939746
    1.905735826  -17.288419264   18.347477206
    1.912806102  -17.285951790  -13.254326167
    1.919876379  -17.402192418  -15.421493658
    1.926946655  -17.461953087   -0.258642124
    1.934016931  -17.414960103   11.613876435
    1.941087208  -17.343810458    4.736962524
    1.948157484  -17.387842345  -20.581219641
    1.955227761  -17.630752088  -47.310390015
    1.962298037  -18.023370538  -61.281722975
    1.969368314  -18.461984979  -61.567441634
    1.976438590  -18.894061728  -62.564776629
    1.983508867  -19.376941899  -76.455824652
    1.990579143  -19.991834287  -96.428141144
    1.997649420  -20.690921997  -95.575189498
    2.004719696  -21.231050483  -49.094072288
    2.011789973  -21.279906511   39.129017292
    2.018860249  -20.661053112  131.953514412
    2.025930526  -19.526697122  177.296264158
    2.033000802  -18.343809021  143.546829871
    2.040071079  -17.657083482   42.279028902
    2.047141355  -17.787708520  -77.288179929
    2.054211632  -18.657935934 -159.945682010
    2.061281908  -19.881718060 -174.522915393
    2.068352185  -20.986550948 -130.768220143
    2.075422461  -21.673523916  -63.535858139
    2.082492738  -21.900916190   -4.007250300
    2.089563014  -21.784433668   32.545132674
    2.096633290  -21.492212866   45.791647888
    2.103703567  -21.188230965   36.115705721
    2.110773843  -21.036556091    2.897741212
    2.117844120  -21.178587159  -43.360490392
    2.124914396  -21.624571417  -78.902668244
    2.131984673  -22.210748588  -80.498843031
    2.139054949  -22.682300400  -49.469984826
    2.146125226  -22.898071599  -14.691401815
    2.153195502  -22.958689146   -9.739233464
    2.160265779  -23.131531002  -44.923429425
    2.167336055  -23.638076591  -98.468753796
    2.174406332  -24.482387274 -135.929726615
    2.181476608  -25.463081475 -135.459588364
    2.188546885  -26.314905040 -101.821198612
    2.195617161  -26.875278325  -56.895541896
    2.202687438  -27.141831605  -20.893237747
    2.209757714  -27.210200238   -1.530784544
    2.216827991  -27.182442054    8.300139473
    2.223898267  -27.085590040   18.859917226
    2.230968544  -26.898942803   33.768766282
    2.238038820  -26.625772373   40.379585812
    2.245109097  -26.392218629   20.233237293
    2.252179373  -26.418964274  -32.473582941
    2.259249650  -26.876264545  -96.679529219
    2.266319926  -27.711261021 -131.338820543
    2.273390202  -28.583984904 -104.239633952
    2.280460479  -29.040026966  -17.956037575
    2.287530755  -28.793525352   84.881828181
    2.294601032  -27.935186866  146.790689533
    2.301671308  -26.902916059  131.553506599
    2.308741585  -26.238012291   47.745525623
    2.315811861  -26.279403556  -58.860902613
    2.322882138  -26.992987126 -135.778756167
    2.329952414  -28.051066322 -153.588028391
    2.337022691  -29.048799248 -123.604801109
    2.344092967  -29.765818296  -80.332566265
    2.351163244  -30.225341133  -53.796203159
    2.358233520  -30.579432492  -49.260869134
    2.365303797  -30.919308341  -46.239918285
    2.372374073  -31.179172865  -23.477611395
    2.379444350  -31.203792949   17.784861891
    2.386514626  -30.938615365   53.888253967
    2.393584903  -30.515102356   59.163409595
    2.400655179  -30.187898212   28.770728337
    2.407725456  -30.136605808  -14.484623043
    2.414795732  -30.333884308  -36.039064013
    2.421866009  -30.554258235  -20.659175366
    2.428936285  -30.572280028   15.830872133
    2.436006562  -30.354123683   41.170115116
    2.443076838  -30.068695221   33.809028898
    2.450147114  -29.931127142    2.498263024
    2.457217391  -30.015111624  -24.503088335
    2.464287667  -30.219290669  -30.030219475
    2.471357944  -30.409376591  -24.727259479
    2.478428220  -30.593385232  -31.411052214
    2.485498497  -30.908484887  -61.261770115
    2.492568773  -31.470700791  -96.603934123
    2.499639050  -32.211954775 -107.085366716
    2.506709326  -32.873232212  -73.684513170
    2.513779603  -33.157642029   -3.264105061
    2.520849879  -32.896090036   75.177239521
    2.527920156  -32.153428312  128.295464026
    2.534990432  -31.197183430  132.860644221
    2.542060709  -30.388070930   89.185464750
    2.549130985  -29.993808708   20.071041342
    2.556201262  -30.061071607  -33.933101845
    2.563271538  -30.363916910  -43.726566443
    2.570341815  -30.564246070   -7.104293788
    2.577412091  -30.421568028   47.189489802
    2.584482368  -29.941853770   81.973551299
    2.591552644  -29.348720951   78.101310034
    2.598622921  -28.909351188   41.980973377
    2.605693197  -28.778656767   -5.579608314
    2.612763474  -28.966795928  -46.685351619
    2.619833750  -29.403885365  -75.661183202
    2.626904026  -30.014295566  -96.657822648
    2.633974303  -30.755495816 -112.194854748
    2.641044579  -31.581569105 -119.821944755
    2.648114856  -32.416050067 -114.918700798
    2.655185132  -33.165066764  -95.733155867
    2.662255409  -33.745495069  -68.461284341
    2.669325685  -34.128885187  -40.682217499
    2.676395962  -34.328881662  -16.716031051
    2.683466238  -34.371816545    3.380919515
    2.690536515  -34.285574678   19.856849470
    2.697606791  -34.103647018   30.296311519
    2.704677068  -33.874645521   33.104753832
    2.711747344  -33.646100491   30.628010151
    2.718817621  -33.440016803   27.384955479
    2.725887897  -33.254544874   23.510875030
    2.732958174  -33.110234173   15.643799218
    2.740028450  -33.053582251   -2.942389822
    2.747098727  -33.166905692  -30.732477993
    2.754169003  -33.486630057  -59.013446348
    2.761239280  -33.959333768  -71.144160979
    2.768309556  -34.417116853  -53.327838583
    2.775379833  -34.630303786   -3.015185396
    2.782450109  -34.414689305   64.233426509
    2.789520386  -33.743197566  120.896752044
    2.796590662  -32.784675720  142.297423036
    2.803660938  -31.826527893  122.206630522
    2.810731215  -31.118008770   75.356316226
    2.817801491  -30.757982257   27.105589040
    2.824871768  -30.685273522   -2.979184703
    2.831942044  -30.749716557  -12.481647058
    2.839012321  -30.832046561  -10.431995029
    2.846082597  -30.893906083   -8.566964266
    2.853152874  -30.968624589  -14.732974134
    2.860223150  -31.117771807  -29.079777859
    2.867293427  -31.386632671  -47.600306598
    2.874363703  -31.782297882  -64.519519462
    2.881433980  -32.280834904  -75.558811177
    2.888504256  -32.828280499  -77.674303285
    2.895574533  -33.348507365  -67.911496254
    2.902644809  -33.746949310  -43.207995509
    2.909715086  -33.928001999   -7.305214494
    2.916785362  -33.846854430   28.573109370
    2.923855639  -33.548449236   52.754740553
    2.930925915  -33.135248223   60.952743493
    2.937996192  -32.705407657   59.234947966
    2.945066468  -32.301939406   54.244319214
    2.952136745  -31.941336020   47.089873962
    2.959207021  -31.648231429   33.241601780
    2.966277298  -31.476197684   13.978868702
    2.973347574  -31.440872847   -3.297490720
    2.980417850  -31.493393813   -9.495184811
    2.987488127  -31.543850292   -4.058923357
    2.994558403  -31.547030451    0.861241449
    3.001628680  -31.565267230  -10.491669224
    3.008698956  -31.748051782  -44.825974014
    3.015769233  -32.229731914  -92.249655528
    3.022839509  -33.022084078 -128.765633037
    3.029909786  -33.968282088 -133.621241931
    3.036980062  -34.819238602 -101.532142716
    3.044050339  -35.345703976  -45.495005417
    3.051120615  -35.448799382   14.779222545
    3.058190892  -35.167397786   60.389680430
    3.065261168  -34.649314720   81.358805385
    3.072331445  -34.075436811   76.166466884
    3.079401721  -33.608437641   53.103139250
    3.086471998  -33.331682559   25.107269507
    3.093542274  -33.231660199    4.498500150
    3.100612551  -33.230613869   -2.019824372
    3.107682827  -33.228511679    3.957094627
    3.114753104  -33.156034195   16.187837876
    3.121823380  -32.996816663   27.372099311
    3.128893657  -32.789674569   27.592693158
    3.135963933  -32.646996620    9.157449864
    3.143034210  -32.709428806  -30.626535812
    3.150104486  -33.094483357  -78.309093425
    3.157174762  -33.771005401 -107.916782021
    3.164245039  -34.509321971  -92.522168610
    3.171315315  -34.950370530  -25.545018220
    3.178385592  -34.803367454   67.211952791
    3.185455868  -34.042125675  140.681927811
    3.192526145  -32.934649136  162.668898177
    3.199596421  -31.861049858  133.854798299
    3.206666698  -31.080732493   86.394786958
    3.213736974  -30.602237493   52.233408443
    3.220807251  -30.283821520   40.092820820
    3.227877527  -30.018370637   33.037939054
    3.234947804  -29.847380293   11.847258189
    3.242018080  -29.892393837  -26.773842078
    3.249088357  -30.216819326  -63.686600420
    3.256158633  -30.721731662  -74.811584977
    3.263228910  -31.183312333  -50.741175659
    3.270299186  -31.381622909   -3.897261603
    3.277369463  -31.238970481   41.957804786
    3.284439739  -30.829724803   70.261096706
    3.291510016  -30.285644372   81.683217562
    3.298580292  -29.681692976   88.756617972
    3.305650569  -29.016629986   98.923458746
    3.312720845  -28.297927580  100.859636308
    3.319791121  -27.657889176   73.606609656
    3.326861398  -27.347056622    8.186661299
    3.333931674  -27.587887974  -76.938185232
    3.341001951  -28.388200218 -143.605771514
    3.348072227  -29.493596735 -160.231979831
    3.355142504  -30.511080021 -119.660871893
    3.362212780  -31.103323947  -46.114049755
    3.369283057  -31.167566420   24.113514423
    3.376353333  -30.848276959   58.208947329
    3.383423610  -30.460779747   42.453245865
    3.390493886  -30.341421655  -14.675272180
    3.397564163  -30.692092492  -84.328946554
    3.404634439  -31.476154819 -131.268217433
    3.411704716  -32.428813517 -129.075754273
    3.418774992  -33.184272740  -78.083391851
    3.425845269  -33.475136201   -4.131199589
    3.432915545  -33.268598997   57.300641762
    3.439985822  -32.749751955   81.423479703
    3.447056098  -32.202904720   67.086326620
    3.454126375  -31.850162275   30.222084182
    3.461196651  -31.774083898   -7.171134852
    3.468266928  -31.908108949  -27.545738527
    3.475337204  -32.104952110  -25.191554606
    3.482407481  -32.228412482   -8.990518090
    3.489477757  -32.247316345    1.145138153
    3.496548033  -32.257488279   -8.733169404
    3.503618310  -32.397929780  -32.089015218
    3.510688586  -32.685882178  -46.534040870
    3.517758863  -32.976712676  -29.615034923
    3.524829139  -33.031265203   17.692495461
    3.531899416  -32.709774754   70.800978209
    3.538969692  -32.083657823   99.947734960
    3.546039969  -31.386410826   90.853204372
    3.553110245  -30.872408203   50.073146124
    3.560180522  -30.713888329   -7.455172637
    3.567250798  -30.980535411  -68.040886474
    3.574321075  -31.650434572 -118.683543149
    3.581391351  -32.589360607 -140.852551449
    3.588461628  -33.532617778 -118.365155165
    3.595531904  -34.162967223  -55.859085111
    3.602602181  -34.295131479   16.032939553
    3.609672457  -34.004117823   58.081266953
    3.616742734  -33.581579490   53.656722570
    3.623813010  -33.320085881   17.162857093
    3.630883287  -33.340428980  -20.877188537
    3.637953563  -33.576801616  -43.703403039
    3.645023840  -33.932261372  -57.280173054
    3.652094116  -34.400454636  -77.968764152
    3.659164393  -35.051595618 -106.018670455
    3.666234669  -35.865151721 -119.669249077
    3.673304945  -36.643235661  -92.743199823
    3.680375222  -37.073097943  -25.201237830
    3.687445498  -36.972506210   50.685631582
    3.694515775  -36.439581208   91.550003620
    3.701586051  -35.802514966   80.344980900
    3.708656328  -35.376477495   37.277617462
    3.715726604  -35.256246982    0.280977321
    3.722796881  -35.299699175   -8.487180477
    3.729867157  -35.301560991   11.008115338
    3.736937434  -35.119412671   39.944241304
    3.744007710  -34.751043230   61.725541140
    3.751077987  -34.282971838   66.518428487
    3.758148263  -33.853210248   50.752788717
    3.765218540  -33.599755124   17.877453058
    3.772288816  -33.606176790  -20.302509276
    3.779359093  -33.853823720  -46.507218246
    3.786429369  -34.206353860  -49.307191135
    3.793499646  -34.495079099  -30.106545040
    3.800569922  -34.608243476   -3.035378322
    3.807640199  -34.547386239   17.450671492
    3.814710475  -34.381599355   28.209244079
    3.821780752  -34.149620757   37.205972930
    3.828851028  -33.834467634   52.660882999
    3.835921305  -33.405200134   66.472429219
    3.842991581  -32.939585194   59.212567752
    3.850061857  -32.641880503   19.587357190
    3.857132134  -32.706066301  -39.174948473
    3.864202410  -33.153148822  -82.000683467
    3.871272687  -33.761882059  -83.065261571
    3.878342963  -34.232588086  -46.179379620
    3.885413240  -34.396376755   -3.312330605
    3.892483516  -34.328901319   16.976319763
    3.899553793  -34.221348760   10.042928972
    3.906624069  -34.207084653   -6.919536132
    3.913694346  -34.301624022  -19.419900434
    3.920764622  -34.476810452  -31.573162342
    3.927834899  -34.764633276  -51.979734442
    3.934905175  -35.224194398  -77.697427251
    3.941975452  -35.836285729  -93.087395401
    3.949045728  -36.485976901  -87.851240196
    3.956116005  -37.052960760  -73.833133362
    3.963186281  -37.547273992  -70.105843247
    3.970256558  -38.081002804  -83.047692871
    3.977326834  -38.722188016  -96.347637217
    3.984397111  -39.384647143  -85.617839538
    3.991467387  -39.850228800  -42.311002368
    3.998537664  -39.934625285   18.133970430
    4.005607940  -39.618515407   65.763270295
    4.012678217  -39.086976705   77.373349822
    4.019748493  -38.620694088   48.322141236
    4.026818769  -38.460291423   -5.209618269
    4.033889046  -38.686353626  -57.554376476
    4.040959322  -39.209217840  -85.525650460
    4.048029599  -39.811991052  -79.301890692
    4.055099875  -40.259600587  -43.641316676
    4.062170152  -40.396545635    3.744601451
    4.069240428  -40.223698136   40.989133230
    4.076310705  -39.884545256   48.491148952
    4.083380981  -39.612252382   22.474107738
    4.090451258  -39.603475846  -21.176299598
    4.097521534  -39.897236041  -59.369980868
    4.104591811  -40.380178599  -73.029162151
    4.111662087  -40.872402495  -63.946544301
    4.118732364  -41.269322586  -49.730648677
    4.125802640  -41.603310409  -48.111302739
    4.132872917  -41.981791430  -61.591833382
    4.139943193  -42.465477181  -73.670695985
    4.147013470  -42.969880125  -64.894573931
    4.154083746  -43.304842731  -26.203353420
    4.161154023  -43.294702761   29.246525778
    4.168224299  -42.913451613   73.631720656
    4.175294576  -42.337031030   82.512210456
    4.182364852  -41.843661427   50.615824147
    4.189435129  -41.666213736   -2.849912014
    4.196505405  -41.854169439  -47.532000846
    4.203575681  -42.267910097  -64.979558911
    4.210645958  -42.714905505  -59.811944317
    4.217716234  -43.110506955  -55.170009235
    4.224786511  -43.540104062  -70.859345436
    4.231856787  -44.145306239 -101.434677762
    4.238927064  -44.933679167 -116.898141396
    4.245997340  -45.685052884  -88.615260183
    4.253067617  -46.079341107  -18.713297132
    4.260137893  -45.937378047   54.948965803
    4.267208170  -45.393783027   90.171955653
    4.274278446  -44.786771711   73.114714706
    4.281348723  -44.423281744   26.799754665
    4.288418999  -44.382121672  -11.630812838
    4.295489276  -44.509450885  -19.674398857
    4.302559552  -44.588449816   -0.656348885
    4.309629829  -44.505034337   22.089032544
    4.316700105  -44.324133219   24.325069925
    4.323770382  -44.221422774    0.669550615
    4.330840658  -44.325625618  -30.029908679
    4.337910935  -44.586082656  -39.653818100
    4.344981211  -44.798562735  -16.303006363
    4.352051488  -44.782797573   19.852203502
    4.359121764  -44.566381999   34.679658390
    4.366192040  -44.383177318    9.516334361
    4.373262317  -44.483711513  -40.450989895
    4.380332593  -44.928543270  -81.220842374
    4.387402870  -45.552807709  -90.397469888
    4.394473146  -46.127701292  -69.662265549
    4.401543423  -46.516066404  -41.622995099
    4.408613699  -46.737706476  -24.471996219
    4.415683976  -46.884858060  -18.812689372
    4.422754252  -47.004328693  -14.003302831
    4.429824529  -47.060259911   -1.563580158
    4.436894805  -47.003182519   16.513162267
    4.443965082  -46.835442118   28.890905038
    4.451035358  -46.629575057   26.076554550
    4.458105635  -46.492852039   10.553025088
    4.465175911  -46.481434367   -8.615144633
    4.472246188  -46.594821930  -22.798722440
    4.479316464  -46.781766059  -29.653493001
    4.486386741  -46.988556823  -28.057930083
    4.493457017  -47.159042889  -19.724855792
    4.500527294  -47.249987432   -6.676302751
    4.507597570  -47.238794742    9.808153652
    4.514667847  -47.104496400   26.959436631
    4.521738123  -46.847912848   44.217707987
    4.528808400  -46.491224801   54.065861033
    4.535878676  -46.121870476   46.163639540
    4.542948952  -45.886017685   17.028537358
    4.550019229  -45.897816617  -20.718838764
    4.557089505  -46.137031417  -43.207605065
    4.564159782  -46.436077016  -37.497008622
    4.571230058  -46.612166900  -11.513142981
    4.578300335  -46.597443474   13.188985477
    4.585370611  -46.467967266   18.009697032
    4.592440888  -46.392364723   -1.340426128
    4.599511164  -46.530947657  -40.766572999
    4.606581441  -46.986417964  -88.941091899
    4.613651717  -47.760709097 -127.322401838
    4.620721994  -48.703868283 -133.454245898
    4.627792270  -49.535171030  -94.303883809
    4.634862547  -49.956322790  -21.537877855
    4.641932823  -49.830598829   51.988591231
    4.649003100  -49.290946931   91.687370684
    4.656073376  -48.654756195   79.315043212
    4.663143653  -48.259272180   28.044707628
    4.670213929  -48.271329024  -30.665121883
    4.677284206  -48.637181892  -69.179733390
    4.684354482  -49.178261436  -80.431661267
    4.691424759  -49.731152723  -74.789965818
    4.698495035  -50.214619911  -61.355482275
    4.705565312  -50.573240600  -38.248761159
    4.712635588  -50.710464723    1.335767967
    4.719705864  -50.527931569   48.545218627
    4.726776141  -50.065861282   74.882630249
    4.733846417  -49.588170135   49.487370004
    4.740916694  -49.494522363  -31.687132681
    4.747986970  -50.089477347 -137.246026737
    4.755057247  -51.371825910 -217.690705064
    4.762127523  -53.011268866 -234.506675780
    4.769197800  -54.514305674 -180.869262335
    4.776268076  -55.470278267  -87.985605051
    4.783338353  -55.777318991   -5.515219387
    4.790408629  -55.671038159   24.972828918
    4.797478906  -55.556515281   -2.100971031
    4.804549182  -55.733250446  -47.668366470
    4.811619459  -56.147627885  -61.507187834
    4.818689735  -56.466834824  -21.195922128
    4.825760012  -56.367486974   49.490558258
    4.832830288  -55.812263721   98.768866785
    4.839900565  -55.105074722   90.265632790
    4.846970841  -54.655598684   30.088311316
    4.854041118  -54.696486629  -40.467888663
    4.861111394  -55.142903497  -79.337416594
    4.868181671  -55.709514664  -76.603422786
    4.875251947  -56.174115223  -55.568498430
    4.882322224  -56.536681027  -52.591117215
    4.889392500  -56.990459446  -80.368729020
    4.896462776  -57.681103834 -114.162832182
    4.903533053  -58.499397041 -109.229136750
    4.910603329  -59.072801500  -44.720096825
    4.917673606  -59.044493607   53.419847311
    4.924743882  -58.376307167  124.858045431
    4.931814159  -57.450221268  123.060047035
    4.938884435  -56.804240650   51.019261594
    4.945954712  -56.767404261  -39.186417670
    4.953024988  -57.252221510  -88.913943891
    4.960095265  -57.875391115  -79.352196474
    4.967165541  -58.287843068  -36.565352273
    4.974235818  -58.406171671   -0.897599145
    4.981306094  -58.363332682    8.460372375
    4.988376371  -58.314457091    4.047788381
    4.995446647  -58.279400244    7.087760208
    5.002516924  -58.175850468   21.277552282
    5.009587200  -57.978606842   31.292415787
    5.016657477  -57.786535030   18.003394427
    5.023727753  -57.777187693  -18.327723820
    5.030798030  -58.045895463  -57.172358894
    5.037868306  -58.516303655  -71.742592124
    5.044938583  -58.960115388  -48.188857776
    5.052008859  -59.125042610    3.574193112
    5.059079136  -58.891233795   59.783935873
    5.066149412  -58.321863666   96.422376717
    5.073219688  -57.600974300  100.928812500
    5.080289965  -56.948505483   78.988412307
    5.087360241  -56.513613973   41.832181128
    5.094430518  -56.363040990   -0.123546381
    5.101500794  -56.503053538  -39.258757821
    5.108571071  -56.884523757  -66.949905657
    5.115641347  -57.399738952  -75.827732020
    5.122711624  -57.900949144  -64.117373503
    5.129781900  -58.261496684  -36.685653783
    5.136852177  -58.399703648   -3.009847529
    5.143922453  -58.290364917   33.237910374
    5.150992730  -57.923922003   68.629310956
    5.158063006  -57.336483525   93.837074986
    5.165133283  -56.656071050   92.345027688
    5.172203559  -56.113526715   54.483539215
    5.179273836  -55.938820865   -7.821608968
    5.186344112  -56.201927076  -63.438445525
    5.193414389  -56.745221606  -83.507032529
    5.200484665  -57.281836675  -63.595749827
    5.207554942  -57.593015608  -24.811104516
    5.214625218  -57.654234538    2.439413836
    5.221695495  -57.620612445    1.287703013
    5.228765771  -57.684962423  -22.110277247
    5.235836048  -57.921918808  -43.345713228
    5.242906324  -58.227671960  -38.751057202
    5.249976600  -58.390676024   -4.659273409
    5.257046877  -58.262418277   40.051826720
    5.264117153  -57.867386543   65.462026840
    5.271187430  -57.408827262   58.126306711
    5.278257706  -57.099631486   25.418697652
    5.285327983  -57.047647378  -10.116629696
    5.292398259  -57.206654534  -34.092822284
    5.299468536  -57.497609311  -48.319073082
    5.306538812  -57.892236735  -65.674555995
    5.313609089  -58.434639264  -88.103896841
    5.320679365  -59.112512166 -100.930846907
    5.327749642  -59.777423799  -81.984683537
    5.334819918  -60.172108308  -25.077943141
    5.341890195  -60.087329544   48.016677897
    5.348960471  -59.533841908  101.979130247
    5.356030748  -58.744932795  112.189954977
    5.363101024  -58.033607686   83.547329104
    5.370171301  -57.586421997   42.679043970
    5.377241577  -57.385574566   16.237990363
    5.384311854  -57.294478808   11.416326183
    5.391382130  -57.211191505    9.901385257
    5.398452407  -57.194223772   -9.920436028
    5.405522683  -57.404586894  -53.006075185
    5.412592960  -57.940558119  -97.485021062
    5.419663236  -58.698375736 -110.495718079
    5.426733512  -59.385784088  -77.551403939
    5.433803789  -59.713515633  -13.475043496
    5.440874065  -59.581880028   47.013882839
    5.447944342  -59.121540988   76.066476973
    5.455014618  -58.576248283   72.648961136
    5.462084895  -58.127870824   52.118251383
    5.469155171  -57.837440071   29.368330352
    5.476225448  -57.698062730    8.598011043
    5.483295724  -57.714867802  -14.285186770
    5.490366001  -57.893949012  -35.664561106
    5.497436277  -58.176949895  -40.891488651
    5.504506554  -58.396664087  -17.654114732
    5.511576830  -58.368886463   25.246338602
    5.518647107  -58.056549990   56.946629489
    5.525717383  -57.658705773   47.057014908
    5.532787660  -57.490522832   -6.338956333
    5.539857936  -57.768078392  -72.317329306
    5.546928213  -58.440540987 -111.643371322
    5.553998489  -59.230336096 -105.584422100
    5.561068766  -59.842221720  -64.544798071
    5.568139042  -60.121778866  -16.508272344
    5.575209319  -60.108292431   16.549188164
    5.582279595  -59.934570108   29.018052860
    5.589349871  -59.713961494   30.929140046
    5.596420148  -59.482637295   34.643522823
    5.603490424  -59.210317975   42.653213834
    5.610560701  -58.879843843   48.206327316
    5.617630977  -58.540408570   45.541230451
    5.624701254  -58.250528287   35.416385983
    5.631771530  -58.028056742   27.281368539
    5.638841807  -57.833899843   28.293876051
    5.645912083  -57.624029241   28.236159481
    5.652982360  -57.465195012   12.585557459
    5.660052636  -57.481584897  -19.234140178
    5.667122913  -57.712063493  -43.159391134
    5.674193189  -57.994834313  -30.506615518
    5.681263466  -58.045416862   20.602459597
    5.688333742  -57.679941269   78.718213932
    5.695404019  -56.995890380  106.504630277
    5.702474295  -56.277034090   88.787823339
    5.709544572  -55.795509862   45.630350494
    5.716614848  -55.613213839    9.453728533
    5.723685125  -55.593387065   -1.666164583
    5.730755401  -55.573143367    8.192963645
    5.737825678  -55.469549194   19.449116309
    5.744895954  -55.322120859   19.681860962
    5.751966231  -55.207886163   10.627476018
    5.759036507  -55.161040275    1.752253168
    5.766106783  -55.156445839   -0.356795324
    5.773177060  -55.142721896    3.563986189
    5.780247336  -55.093696932    9.135353735
    5.787317613  -55.025583586    8.331917699
    5.794387889  -55.005051145   -5.949236343
    5.801458166  -55.130239051  -31.987570571
    5.808528442  -55.443053267  -54.890985331
    5.815598719  -55.837285818  -51.140354859
    5.822668995  -56.064504503   -7.461677872
    5.829739272  -55.872382654   63.341720558
    5.836809548  -55.186297993  125.125128972
    5.843879825  -54.207310875  141.215030005
    5.850950101  -53.315536008  102.159613578
    5.858020378  -52.842027602   28.138950404
    5.865090654  -52.906806082  -44.665956613
    5.872160931  -53.392848358  -86.906771649
    5.879231207  -54.032372450  -88.931176523
    5.886301484  -54.566043346  -58.305383765
    5.893371760  -54.821261015  -13.927720378
    5.900442037  -54.763249363   28.119874101
    5.907512313  -54.450149562   56.531501106
    5.914582590  -53.995692144   66.925241895
    5.921652866  -53.539071250   58.584249906
    5.928723143  -53.211724321   30.388161191
    5.935793419  -53.141371592  -13.588549310
    5.942863695  -53.405658739  -60.842513744
    5.949933972  -53.967377704  -95.421293436
    5.957004248  -54.684623692 -102.958117900
    5.964074525  -55.341333591  -78.445501884
    5.971144801  -55.729004235  -30.659350277
    5.978215078  -55.746404193   23.900781537
    5.985285354  -55.424114833   63.166237685
    5.992355631  -54.919945631   72.844974580
    5.999425907  -54.458305686   53.078168704
    6.006496184  -54.207965456   15.567824397
    6.013566460  -54.226735540  -20.186300640
    6.020636737  -54.443733326  -38.393233967
    6.027707013  -54.720723560  -37.457449230
    6.034777290  -54.947738102  -28.254598233
    6.041847566  -55.120287267  -22.388892646
    6.048917843  -55.277041231  -24.160984203
    6.055988119  -55.445189739  -22.875909198
    6.063058396  -55.555685861   -6.105700130
    6.070128672  -55.490403465   25.609096962
    6.077198949  -55.196567575   53.955835599
    6.084269225  -54.785390732   55.354089028
    6.091339502  -54.490179971   22.503398138
    6.098409778  -54.508414892  -28.416184052
    6.105480055  -54.858344072  -68.646476718
    6.112550331  -55.393022604  -78.118988279
    6.119620607  -55.900381044  -63.222657628
    6.126690884  -56.257111099  -38.300064015
    6.133761160  -56.433388261  -12.779521465
    6.140831437  -56.436373798   11.110842526
    6.147901713  -56.284236922   29.411134962
    6.154971990  -56.044920036   34.880839167
    6.162042266  -55.822294004   24.665094200
    6.169112543  -55.702178788    8.646131902
    6.176182819  -55.673310457    1.688956976
    6.183253096  -55.648442557    6.264352107
    6.190323372  -55.580495959    9.419238077
    6.197393649  -55.535398014   -0.043140863
    6.204463925  -55.605387165  -21.047641855
    6.211534202  -55.807105891  -33.218425046
    6.218604478  -56.009570332  -20.419363643
    6.225674755  -56.034730406   14.455020490
    6.232745031  -55.798742813   48.635273933
    6.239815308  -55.400726108   57.942944711
    6.246885584  -55.051646184   34.878342014
    6.253955861  -54.943229255   -5.450573372
    6.261026137  -55.115012525  -42.197598378
    6.268096414  -55.486135734  -60.619298903
    6.275166690  -55.928514124  -62.881153949
    6.282236967  -56.358166183  -59.392096485
    6.289307243  -56.749759462  -50.978672485
    6.296377519  -57.041943848  -28.766479554
    6.303447796  -57.101067336   14.460598277
    6.310518072  -56.803264584   68.313068965
    6.317588349  -56.174111153  102.631495058
    6.324658625  -55.453011533   92.776860374
    6.331728902  -54.960697394   40.660391576
    6.338799178  -54.897666166  -22.255087097
    6.345869455  -55.217859706  -63.206499048
    6.352939731  -55.702384046  -69.457197221
    6.360010008  -56.127430111  -48.234500917
    6.367080284  -56.349527691  -15.587282685
    6.374150561  -56.334563176   18.966284022
    6.381220837  -56.097375823   45.272490977
    6.388291114  -55.726038053   54.746248770
    6.395361390  -55.360016958   45.401216132
    6.402431667  -55.102438739   26.313890001
    6.409501943  -54.960910608   15.828066514
    6.416572220  -54.835440434   21.457876674
    6.423642496  -54.641309323   31.117054587
    6.430712773  -54.423847651   25.963963524
    6.437783049  -54.318671523    0.013749332
    6.444853326  -54.428110244  -30.778384049
    6.451923602  -54.700778662  -41.886961614
    6.458993879  -54.946108421  -23.282957107
    6.466064155  -54.973142155   16.199844115
    6.473134431  -54.702076400   58.474536831
    6.480204708  -54.173970607   87.148799003
    6.487274984  -53.510236671   96.667518608
    6.494345261  -52.839837589   89.704175996
    6.501415537  -52.264304881   70.217525988
    6.508485814  -51.860104866   41.683243398
    6.515556090  -51.685739495    5.794933837
    6.522626367  -51.784798609  -34.428839815
    6.529696643  -52.160691909  -71.042904978
    6.536766920  -52.747789755  -93.264971960
    6.543837196  -53.415780360  -92.397320533
    6.550907473  -53.995813349  -68.876468173
    6.557977749  -54.352554983  -31.314998187
    6.565048026  -54.430034446    7.554076920
    6.572118302  -54.265729561   34.699523073
    6.579188579  -53.982253942   41.833367835
    6.586258855  -53.722208020   28.340576161
    6.593329132  -53.605876450    2.278329655
    6.600399408  -53.681265288  -23.480320394
    6.607469685  -53.906201312  -38.527047249
    6.614539961  -54.186771533  -39.001197628
    6.621610238  -54.426130566  -27.859479838
    6.628680514  -54.568389878  -13.860983999
    6.635750790  -54.628367637   -5.476761569
    6.642821067  -54.660839529   -5.724106867
    6.649891343  -54.709781891  -10.527531803
    6.656961620  -54.794376221  -13.308586093
    6.664031896  -54.893995425  -16.098440511
    6.671102173  -55.024176376  -22.564160035
    6.678172449  -55.216869734  -32.529506940
    6.685242726  -55.470855434  -38.629913495
    6.692313002  -55.723583103  -30.763128986
    6.699383279  -55.867780773   -8.783107559
    6.706453555  -55.835016358   16.441851102
    6.713523832  -55.653835290   30.710991045
    6.720594108  -55.436525369   26.908517504
    6.727664385  -55.300236743   10.118191641
    6.734734661  -55.287026838   -4.964699029
    6.741804938  -55.327134347   -4.143376841
    6.748875214  -55.286992354   17.702912512
    6.755945491  -55.055016899   46.467507120
    6.763015767  -54.660145190   59.719549343
    6.770086044  -54.288000709   38.306759793
    6.777156320  -54.193022234  -16.413128488
    6.784226597  -54.535607823  -80.116450172
    6.791296873  -55.266000950 -120.810466543
    6.798367150  -56.142685629 -121.087606129
    6.805437426  -56.892009252  -87.987564917
    6.812507702  -57.361984827  -46.101458982
    6.819577979  -57.575802471  -18.876194840
    6.826648255  -57.675638687  -13.960811579
    6.833718532  -57.806901142  -25.694133006
    6.840788808  -58.036950537  -39.502434220
    6.847859085  -58.317219954  -35.902127221
    6.854929361  -58.467310838   -1.038249989
    6.861999638  -58.258419196   62.689686300
    6.869069914  -57.570585008  128.270109878
    6.876140191  -56.525007542  157.480552399
    6.883210467  -55.472122823  129.039665655
    6.890280744  -54.790053573   59.492020728
    6.897351020  -54.624631316   -9.389930394
    6.904421297  -54.820507105  -38.404583283
    6.911491573  -55.042610276  -18.438701144
    6.918561850  -55.013679410   26.422375720
    6.925632126  -54.682262621   62.664997798
    6.932702403  -54.196220991   68.525571582
    6.939772679  -53.775730506   45.651864787
    6.946842956  -53.572021522    9.863355865
    6.953913232  -53.620170446  -22.686008124
    6.960983509  -53.857041430  -42.596522528
    6.968053785  -54.172764999  -44.450879313
    6.975124062  -54.439418927  -29.044677059
    6.982194338  -54.547004675   -1.564696435
    6.989264614  -54.449429787   27.639503868
    6.996334891  -54.168023297   49.255040764
    7.003405167  -53.764668850   63.165389701
    7.010475444  -53.282748235   72.496596798
    7.017545720  -52.744339109   78.004598701
    7.024615997  -52.199670716   72.779575434
    7.031686273  -51.752488263   49.685484076
    7.038756550  -51.528457084   11.463904868
    7.045826826  -51.587037693  -27.584431169
    7.052897103  -51.874467368  -51.030973294
    7.059967379  -52.246825136  -51.747404239
    7.067037656  -52.560415729  -36.783759073
    7.074107932  -52.755238301  -20.333053012
    7.081178209  -52.871776309  -15.757165118
    7.088248485  -53.006566706  -24.483238422
    7.095318762  -53.219737584  -35.156520128
    7.102389038  -53.457133824  -29.075490352
    7.109459315  -53.562372881    2.798104633
    7.116529591  -53.378630829   48.985925090
    7.123599868  -52.896553496   81.764837386
    7.130670144  -52.310289790   75.868436944
    7.137740421  -51.919480584   27.622254069
    7.144810697  -51.945606988  -34.802925935
    7.151880974  -52.350465108  -73.839777196
    7.158951250  -52.865453920  -64.206753574
    7.166021526  -53.147419332  -10.593360983
    7.173091803  -52.979227377   56.367804150
    7.180162079  -52.389442051  104.294300767
    7.187232356  -51.589572436  114.381584622
    7.194302632  -50.854852159   87.436412612
    7.201372909  -50.396665382   38.807638030
    7.208443185  -50.289337294   -6.536192547
    7.215513462  -50.424128086  -26.820926609
    7.222583738  -50.573241619  -10.023288674
    7.229654015  -50.500131253   32.526676616
    7.236724291  -50.117290505   70.962045560
    7.243794568  -49.565892465   76.708660871
    7.250864844  -49.117895137   44.279647579
    7.257935121  -48.969133533   -2.916619022
    7.265005397  -49.100148476  -28.670369926
    7.272075674  -49.278110191  -16.697392793
    7.279145950  -49.268657669   19.975092745
    7.286216227  -49.005786631   49.901808290
    7.293286503  -48.631847194   50.134101980
    7.300356780  -48.365796328   20.707282840
    7.307427056  -48.354653271  -17.965281430
    7.314497333  -48.589745065  -46.284247670
    7.321567609  -48.951090338  -52.951020080
    7.328637886  -49.280630883  -37.717319634
    7.335708162  -49.443481431   -6.734438698
    7.342778438  -49.359694280   29.454685211
    7.349848715  -49.032655106   60.517065233
    7.356918991  -48.529960200   78.033952759
    7.363989268  -47.961479194   79.783398664
    7.371059544  -47.426709093   68.820587664
    7.378129821  -47.006313262   47.482513673
    7.385200097  -46.777904791   14.738963397
    7.392270374  -46.814984982  -26.668273164
    7.399340650  -47.138476458  -63.240382086
    7.406410927  -47.638739404  -73.234507065
    7.413481203  -48.072732485  -43.927383021
    7.420551480  -48.182583563   15.036001170
    7.427621756  -47.857716140   72.683666183
    7.434692033  -47.226192587   98.046217841
    7.441762309  -46.574261286   78.606811948
    7.448832586  -46.181218630   29.915396652
    7.455902862  -46.149365559  -19.181349291
    7.462973139  -46.387431295  -45.446650999
    7.470043415  -46.718358465  -44.316755556
    7.477113692  -46.980558662  -29.209723497
    7.484183968  -47.121104815  -11.487010466
    7.491254245  -47.136751208    6.924295267
    7.498324521  -47.001400201   32.268797216
    7.505394798  -46.650695342   67.107588302
    7.512465074  -46.040023973  104.050054991
    7.519535350  -45.213545552  125.393955040
    7.526605627  -44.334449848  116.923852155
    7.533675903  -43.625868290   79.187942210
    7.540746180  -43.252823591   24.285404394
    7.547816456  -43.273990285  -30.885972680
    7.554886733  -43.655601032  -75.252982119
    7.561957009  -44.305389308 -106.869598052
    7.569027286  -45.124663748 -122.125390042
    7.576097562  -45.976871052 -115.191763060
    7.583167839  -46.684704690  -81.226428262
    7.590238115  -47.066350860  -24.785566703
    7.597308392  -47.014650309   37.775252207
    7.604378668  -46.572863321   81.673537985
    7.611448945  -45.942156594   89.745390480
    7.618519221  -45.385592150   62.385673078
    7.625589498  -45.086726010   22.214937110
    7.632659774  -45.029505791   -2.339590996
    7.639730051  -45.039537464    3.547656477
    7.646800327  -44.928478017   27.988406765
    7.653870604  -44.657457706   43.592422420
    7.660940880  -44.366349313   33.609553826
    7.668011157  -44.226120427    2.999313975
    7.675081433  -44.309294747  -24.645715644
    7.682151710  -44.520581177  -32.263221071
    7.689221986  -44.704967306  -17.857019271
    7.696292262  -44.741038591    7.948239576
    7.703362539  -44.591661618   32.813998095
    7.710432815  -44.295205036   48.347525151
    7.717503092  -43.945941171   46.891681210
    7.724573368  -43.675322598   25.821551207
    7.731643645  -43.602408860   -6.575323042
    7.738713921  -43.740922024  -29.685118331
    7.745784198  -43.951314900  -24.163511234
    7.752854474  -44.010507468    9.898977993
    7.759924751  -43.794879053   49.139119501
    7.766995027  -43.376557086   62.104183031
    7.774065304  -43.000038638   38.377325787
    7.781135580  -42.879052761   -5.642146290
    7.788205857  -43.047970678  -38.737381321
    7.795276133  -43.344020939  -40.462446495
    7.802346410  -43.548896165  -15.966995864
    7.809416686  -43.555799131   11.895585221
    7.816486963  -43.418429845   22.610937863
    7.823557239  -43.283401495   12.317819831
    7.830627516  -43.266745676   -9.139722040
    7.837697792  -43.396791847  -26.468211641
    7.844768069  -43.602389438  -29.612297917
    7.851838345  -43.770993366  -15.981215116
    7.858908621  -43.789666861   11.806587262
    7.865978898  -43.579487265   47.487189843
    7.873049174  -43.122095310   80.422958909
    7.880119451  -42.475059150   97.156463790
    7.887189727  -41.797746194   89.329042881
    7.894260004  -41.267431507   56.839982136
    7.901330280  -41.009434668   16.639653005
    7.908400557  -40.986105063   -6.727988756
    7.915470833  -41.010548210    5.723116974
    7.922541110  -40.833207983   47.020576591
    7.929611386  -40.330528821   92.495259206
    7.936681663  -39.575995589  114.577408246
    7.943751939  -38.786687001  102.212001010
    7.950822216  -38.182434702   65.481262584
    7.957892492  -37.864451368   24.543751037
    7.964962769  -37.804559174   -5.991863135
    7.972033045  -37.922688983  -27.435389798
    7.979103322  -38.182792937  -46.712693373
    7.986173598  -38.582233422  -65.991106622
    7.993243875  -39.094202076  -77.188850677
    8.000314151  -39.622404602  -69.978820121
    8.007384428  -40.039104898  -46.876630305
    8.014454704  -40.276663739  -22.214357503
    8.021524981  -40.370579567   -7.361168280
    8.028595257  -40.400615392   -2.771611076
    8.035665533  -40.409145577    0.085305785
    8.042735810  -40.383611971    7.923790764
    8.049806086  -40.285841902   18.793359952
    8.056876363  -40.108469131   30.888750505
    8.063946639  -39.845974831   43.496539121
    8.071016916  -39.483031758   58.742833818
    8.078087192  -39.008799798   73.869115250
    8.085157469  -38.464314578   76.310698120
    8.092227745  -37.981918427   55.342666599
    8.099298022  -37.723644781   15.265123493
    8.106368298  -37.753741627  -21.176863882
    8.113438575  -37.949993503  -28.790865064
    8.120508851  -38.063743687    0.583878212
    8.127579128  -37.893153532   47.485899560
    8.134649404  -37.429940014   77.955322829
    8.141719681  -36.872568641   72.931936470
    8.148789957  -36.462418571   39.974994157
    8.155860234  -36.311057993    3.715582050
    8.162930510  -36.358759601  -13.964177631
    8.170000787  -36.453681007  -10.805453714
    8.177071063  -36.493783421   -1.610026694
    8.184141340  -36.496405167   -2.012058930
    8.191211616  -36.547943812  -14.358652806
    8.198281893  -36.692645092  -24.684184264
    8.205352169  -36.844037706  -15.257001464
    8.212422445  -36.834470381   21.212251672
    8.219492722  -36.513495816   68.821325555
    8.226562998  -35.893603012  101.203222290
    8.233633275  -35.165292135   96.952441835
    8.240703551  -34.609677184   54.466057470
    8.247773828  -34.439719825   -7.790873828
    8.254844104  -34.689836140  -60.185802609
    8.261914381  -35.191658800  -74.612699903
    8.268984657  -35.630244365  -42.337917629
    8.276054934  -35.716844907   19.694868652
    8.283125210  -35.354720500   78.680753461
    8.290195487  -34.686824222  101.532441555
    8.297265763  -34.021067142   79.021711464
    8.304336040  -33.630436765   28.518713408
    8.311406316  -33.603682221  -18.169603383
    8.318476593  -33.816119332  -36.569091298
    8.325546869  -34.032940019  -20.441411222
    8.332617146  -34.042215472   19.942061235
    8.339687422  -33.740219627   64.371556585
    8.346757699  -33.157260230   97.042601198
    8.353827975  -32.404631223  112.500659517
    8.360898252  -31.594571068  113.870880918
    8.367968528  -30.806445327  107.373113727
    8.375038805  -30.093891854   92.104575920
    8.382109081  -29.537110846   62.354479211
    8.389179357  -29.251217478   15.748690864
    8.396249634  -29.323528074  -36.104004763
    8.403319910  -29.711968349  -69.435984526
    8.410390187  -30.207603532  -63.591080817
    8.417460463  -30.516811454  -19.829166870
    8.424530740  -30.456247181   34.622569287
    8.431601016  -30.092403291   60.572134314
    8.438671293  -29.726800795   32.893336883
    8.445741569  -29.725810017  -37.894138659
    8.452811846  -30.277125438 -116.395528750
    8.459882122  -31.293294970 -164.050170918
    8.466952399  -32.478481621 -163.461853317
    8.474022675  -33.501559217 -120.522308684
    8.481092952  -34.132924392  -56.699931089
    8.488163228  -34.309587996    3.136747711
    8.495233505  -34.145012607   37.129055072
    8.502303781  -33.878859356   30.101123791
    8.509374058  -33.795833667  -11.325866619
    8.516444334  -34.049584584  -58.127564695
    8.523514611  -34.532279104  -69.907355469
    8.530584887  -34.886952842  -20.034188887
    8.537655164  -34.684200586   83.061428355
    8.544725440  -33.681202030  197.555063124
    8.551795717  -31.984308851  271.420736896
    8.558865993  -30.019508285  270.128942555
    8.565936269  -28.330414611  197.571174465
    8.573006546  -27.303571818   89.780020780
    8.580076822  -27.020362669   -4.632068954
    8.587147099  -27.269065790  -59.110937043
    8.594217375  -27.766440575  -77.748157376
    8.601287652  -28.342396848  -85.883431488
    8.608357928  -28.994367311 -100.764604693
    8.615428205  -29.769235456 -118.002077574
    8.622498481  -30.622487857 -119.813062494
    8.629568758  -31.398167322  -95.994959694
    8.636639034  -31.926656268  -51.657543903
    8.643709311  -32.117990163   -4.040900967
    8.650779587  -32.007613319   32.409144900
    8.657849864  -31.702867944   50.855343347
    8.664920140  -31.328820859   51.878557658
    8.671990417  -30.996827030   39.492556216
    8.679060693  -30.783116784   19.783933569
    8.686130970  -30.713065409    0.777007323
    8.693201246  -30.748265073   -8.814537377
    8.700271523  -30.798939356   -3.577862569
    8.707341799  -30.775001672    9.786750607
    8.714412076  -30.675181871   14.862054413
    8.721482352  -30.622553586   -5.340151136
    8.728552629  -30.810601327  -51.038491183
    8.735622905  -31.351593302 -101.094164314
    8.742693181  -32.175031167 -125.784547531
    8.749763458  -33.034299513 -111.477438456
    8.756833734  -33.683762776  -71.408520502
    8.763904011  -34.053084989  -37.782043178
    8.770974287  -34.296035588  -37.521735705
    8.778044564  -34.666537322  -72.429616524
    8.785114840  -35.338578960 -116.526686874
    8.792185117  -36.257444125 -137.892658854
    8.799255393  -37.180508898 -116.410466269
    8.806325670  -37.801493914  -54.319723808
    8.813395946  -37.903475745   25.753511676
    8.820466223  -37.461114357   94.711021170
    8.827536499  -36.645167737  128.143814714
    8.834606776  -35.754290903  115.698209013
    8.841677052  -35.097321538   64.271819648
    8.848747329  -34.880172214   -3.861331856
    8.855817605  -35.130972818  -64.460622935
    8.862887882  -35.723702575  -97.957321542
    8.869958158  -36.427497335  -95.489994547
    8.877028435  -36.989930292  -59.259138162
    8.884098711  -37.216456525   -3.962217633
    8.891168988  -37.053524100   45.717265677
    8.898239264  -36.632808261   67.036839038
    8.905309540  -36.195096679   50.255726705
    8.912379817  -35.971929125    9.736868384
    8.919450093  -36.048347667  -29.549175274
    8.926520370  -36.345360171  -51.228386594
    8.933590646  -36.723186508  -53.520678204
    8.940660923  -37.070162179  -44.171312485
    8.947731199  -37.329953972  -28.928252286
    8.954801476  -37.463656910   -8.167297109
    8.961871752  -37.430162848   16.202903444
    8.968942029  -37.233688093   37.491440367
    8.976012305  -36.939092428   40.593305908
    8.983082582  -36.705940685   20.917324405
    8.990152858  -36.679348775  -14.597688682
    8.997223135  -36.903507530  -46.399007099
    9.004293411  -37.280064928  -56.347816641
    9.011363688  -37.627523071  -39.230529456
    9.018433964  -37.791271368   -6.627774227
    9.025504241  -37.726411346   22.229126932
    9.032574517  -37.515882458   33.444601582
    9.039644794  -37.297513324   24.116112940
    9.046715070  -37.197899811    2.281613339
    9.053785347  -37.257103082  -18.241287630
    9.060855623  -37.416176178  -23.926643545
    9.067925900  -37.544513792   -9.862734411
    9.074996176  -37.523404866   15.573833992
    9.082066452  -37.336173544   34.967969226
    9.089136729  -37.076009367   33.785828483
    9.096207005  -36.896423474   13.265989941
    9.103277282  -36.894528332  -12.503409456
    9.110347558  -37.045940641  -28.354818835
    9.117417835  -37.252751169  -28.418612453
    9.124488111  -37.424479237  -20.171959831
    9.131558388  -37.540810916  -13.793553628
    9.138628664  -37.630759697  -12.969299444
    9.145698941  -37.729154278  -15.880678579
    9.152769217  -37.860211308  -22.585351223
    9.159839494  -38.061641072  -36.396475636
    9.166909770  -38.388036485  -57.332152311
    9.173980047  -38.855952974  -73.540997232
    9.181050323  -39.366924935  -66.738262072
    9.188120600  -39.718827557  -27.861308228
    9.195190876  -39.706192444   32.157702556
    9.202261153  -39.260729339   90.590789307
    9.209331429  -38.472367589  127.230169729
    9.216401706  -37.520364235  138.199968333
    9.223471982  -36.553448261  132.363396328
    9.230542259  -35.651982990  121.141759874
    9.237612535  -34.845780810  105.643343732
    9.244682812  -34.177887750   80.135887990
    9.251753088  -33.728189241   45.765403660
    9.258823364  -33.522881063   14.641189489
    9.265893641  -33.465509586    5.679677652
    9.272963917  -33.356234668   29.540667069
    9.280034194  -32.989437032   75.250259269
    9.287104470  -32.297315779  117.266700139
    9.294174747  -31.386007032  134.589627495
    9.301245023  -30.445423706  128.250749606
    9.308315300  -29.576214774  119.235619512
    9.315385576  -28.694540829  135.562017924
    9.322455853  -27.551206023  194.188211699
    9.329526129  -25.850591008  291.355713682
    9.336596406  -23.389480865  404.312176181
    9.343666682  -20.164305014  502.664260978
    9.350736959  -16.382241586  557.103827456
    9.357807235  -12.422339994  551.824789896
    9.364877512   -8.712936532  488.217780021
    9.371947788   -5.607170630  385.109903936
    9.379018065   -3.288579390  270.436168702
    9.386088341   -1.747846309  168.783820611
    9.393158618   -0.836707686   93.228875890
    9.400228894   -0.358783022   45.418193099
    9.407299171   -0.137717651   19.589929839
    9.414369447   -0.046661755    7.364734133
    9.421439724   -0.013016966    2.235359656
    9.428510000   -0.003235521    0.605452285
