#! FIELDS F399_dist file.free der_F399_dist
#! SET min_F399_dist 0.350275
#! SET max_F399_dist 9.42851
#! SET nbins_F399_dist  1285
#! SET periodic_F399_dist false
    0.350275000   -0.005976289   -1.087831979
    0.357345276   -0.021993922   -3.683122076
    0.364415553   -0.069859629  -10.642509263
    0.371485829   -0.195920774  -26.863051554
    0.378556106   -0.490039014  -59.792617460
    0.385626382   -1.102807929 -118.473933885
    0.392696659   -2.244331468 -209.849509876
    0.399766935   -4.146840290 -332.608938466
    0.406837212   -6.991078005 -472.536026502
    0.413907488  -10.805474971 -601.468324757
    0.420977765  -15.389959846 -684.744670986
    0.428048041  -20.318101562 -696.037412448
    0.435118318  -25.059507061 -634.264577981
    0.442188594  -29.187231641 -529.688093712
    0.449258871  -32.567458871 -431.295768620
    0.456329147  -35.402748474 -380.070015682
    0.463399424  -38.082998816 -386.070304490
    0.470469700  -40.951507424 -428.348526774
    0.477539977  -44.155776026 -476.644527233
    0.484610253  -47.667503118 -514.390430195
    0.491680530  -51.417741597 -545.586866320
    0.498750806  -55.398129302 -581.382081704
    0.505821083  -59.658053677 -624.424645761
    0.512891359  -64.209074844 -659.433497428
    0.519961636  -68.910464666 -663.953271972
    0.527031912  -73.479327956 -620.469286686
    0.534102188  -77.580504394 -534.182919070
    0.541172465  -80.990051410 -430.807358866
    0.548242741  -83.711309436 -343.816819616
    0.555313018  -85.936929893 -292.921636199
    0.562383294  -87.927351319 -274.322783000
    0.569453571  -89.849417497 -270.395734559
    0.576523847  -91.732226873 -260.939587707
    0.583594124  -93.489460390 -233.064408713
    0.590664400  -94.968826872 -182.230228760
    0.597734677  -96.007120930 -109.398364748
    0.604804953  -96.483922020  -25.991801263
    0.611875230  -96.388788833   48.816932516
    0.618945506  -95.851078342   96.152536960
    0.626015783  -95.090950799  112.968439682
    0.633086059  -94.288784899  111.615370571
    0.640156336  -93.501808193  111.269119424
    0.647226612  -92.681819255  121.283945992
    0.654296889  -91.771786259  133.913147026
    0.661367165  -90.794341032  139.125797591
    0.668437442  -89.810830328  137.112190485
    0.675507718  -88.830720157  140.861411805
    0.682577995  -87.759378044  163.638533596
    0.689648271  -86.470091133  200.968975327
    0.696718548  -84.923215138  230.694370259
    0.703788824  -83.255842360  234.897745050
    0.710859100  -81.664364723  209.983622101
    0.717929377  -80.303914845  173.593282257
    0.724999653  -79.182978841  143.871837098
    0.732069930  -78.223178807  127.047932418
    0.739140206  -77.378931734  108.577506015
    0.746210483  -76.733227518   67.337692374
    0.753280759  -76.498181686   -7.273826414
    0.760351036  -76.880910020 -103.764264163
    0.767421312  -77.933403246 -191.737968662
    0.774491589  -79.489840248 -242.302048001
    0.781561865  -81.249556433 -250.682908937
    0.788632142  -82.964429455 -233.276006552
    0.795702418  -84.539514156 -215.033263099
    0.802772695  -86.017404835 -205.762972686
    0.809842971  -87.456545676 -202.192932093
    0.816913248  -88.865601563 -197.149892671
    0.823983524  -90.228246007 -189.397263206
    0.831053801  -91.534672205 -180.338279444
    0.838124077  -92.755862837 -163.942819596
    0.845194354  -93.795958421 -126.348993565
    0.852264630  -94.485992168  -67.511814431
    0.859334907  -94.731783980   -5.655151501
    0.866405183  -94.621529193   29.226449520
    0.873475460  -94.403964125   24.623092759
    0.880545736  -94.320626401   -3.167190217
    0.887616012  -94.419359796  -22.901680762
    0.894686289  -94.566578397  -13.905092501
    0.901756565  -94.556443706   17.095217871
    0.908826842  -94.300847076   53.837498523
    0.915897118  -93.811505950   81.587179241
    0.922967395  -93.161240595   99.295601909
    0.930037671  -92.408433772  109.901176959
    0.937107948  -91.612898467  112.178102262
    0.944178224  -90.847198309  100.033450614
    0.951248501  -90.217102552   74.884883901
    0.958318777  -89.798083472   41.321623600
    0.965389054  -89.618683743   10.318250361
    0.972459330  -89.620906032  -10.212447452
    0.979529607  -89.708505504  -13.392753141
    0.986599883  -89.762014295   -1.086915704
    0.993670160  -89.704699779   15.199472986
    1.000740436  -89.559978052   22.147389203
    1.007810713  -89.426960536   10.455952351
    1.014880989  -89.436176758  -17.378108378
    1.021951266  -89.674077731  -50.014875211
    1.029021542  -90.114385997  -72.854136333
    1.036091819  -90.632989772  -70.362910417
    1.043162095  -91.034735496  -41.792153224
    1.050232371  -91.179627276    0.034077497
    1.057302648  -91.058594786   29.177633680
    1.064372924  -90.815623734   34.487599774
    1.071443201  -90.594038268   26.079538299
    1.078513477  -90.416680090   25.147576340
    1.085583754  -90.192346622   38.280673134
    1.092654030  -89.872039199   49.159845635
    1.099724307  -89.549556343   35.410611383
    1.106794583  -89.422663934   -4.024025515
    1.113864860  -89.604044255  -46.552120331
    1.120935136  -90.005030993  -62.371632989
    1.128005413  -90.374276501  -36.725901871
    1.135075689  -90.442749820   18.136396398
    1.142145966  -90.105393926   72.939062547
    1.149216242  -89.474579447   97.610619181
    1.156286519  -88.820928776   79.223984420
    1.163356795  -88.412865742   32.288192493
    1.170427072  -88.341595291  -10.901778937
    1.177497348  -88.479442465  -22.416040621
    1.184567625  -88.566076168    0.996484170
    1.191637901  -88.407626490   43.553321750
    1.198708178  -87.951082181   82.578201500
    1.205778454  -87.265509541  106.571998236
    1.212848731  -86.463524142  117.327957183
    1.219919007  -85.625072331  116.370003036
    1.226989283  -84.835097813  103.441208059
    1.234059560  -84.175756944   80.209071562
    1.241129836  -83.688870952   57.608081523
    1.248200113  -83.311383145   52.148891309
    1.255270389  -82.881506340   72.409078215
    1.262340666  -82.232508878  110.789924820
    1.269410942  -81.309681251  146.391492362
    1.276481219  -80.211612672  157.181198788
    1.283551495  -79.148662111  137.543138828
    1.290621772  -78.309877454   96.486134741
    1.297692048  -77.789013222   48.687613901
    1.304762325  -77.603807422    1.868830344
    1.311832601  -77.756087311  -45.915275141
    1.318902878  -78.252803913  -95.492645950
    1.325973154  -79.066905485 -133.298151404
    1.333043431  -80.050484859 -139.520146183
    1.340113707  -80.945465830 -110.342305687
    1.347183984  -81.559870319  -64.502318860
    1.354254260  -81.891510245  -36.716414146
    1.361324537  -82.160579395  -46.959179943
    1.368394813  -82.616964345  -84.859802823
    1.375465090  -83.335498556 -115.307155458
    1.382535366  -84.150662042 -109.324715844
    1.389605643  -84.793561414  -70.581885766
    1.396675919  -85.137117535  -30.601738610
    1.403746195  -85.291522490  -20.152934158
    1.410816472  -85.488128323  -39.396995320
    1.417886748  -85.849942228  -62.254485747
    1.424957025  -86.295427181  -59.963028785
    1.432027301  -86.624800348  -30.855864666
    1.439097578  -86.708215638    4.236630397
    1.446167854  -86.594996027   22.676460489
    1.453238131  -86.436474771   17.968956654
    1.460308407  -86.361514023    2.523768617
    1.467378684  -86.375860392   -5.943941161
    1.474448960  -86.392152346    1.814819375
    1.481519237  -86.307119905   22.207797353
    1.488589513  -86.074582824   41.269401012
    1.495659790  -85.747272744   47.355554974
    1.502730066  -85.437442439   35.991040515
    1.509800343  -85.251440969   14.138599617
    1.516870619  -85.219569677   -5.027291005
    1.523940896  -85.280613509  -11.480828395
    1.531011172  -85.342737158   -6.519616984
    1.538081449  -85.366428884   -2.894528240
    1.545151725  -85.420117153  -17.952737880
    1.552222002  -85.660575073  -54.824180949
    1.559292278  -86.206758349  -99.934113768
    1.566362555  -87.024839065 -127.898584899
    1.573432831  -87.912876740 -117.981732914
    1.580503107  -88.593940808  -71.746211582
    1.587573384  -88.895864430  -15.435858992
    1.594643660  -88.854571284   20.127553267
    1.601713937  -88.670324152   26.432440838
    1.608784213  -88.510378696   16.666877963
    1.615854490  -88.407110069   13.566134715
    1.622924766  -88.279144840   22.702116829
    1.629995043  -88.076408562   31.776360014
    1.637065319  -87.854707485   26.932250880
    1.644135596  -87.715137351   10.493952282
    1.651205872  -87.691860032   -3.587302366
    1.658276149  -87.722837315   -3.932404739
    1.665346425  -87.710734443    6.434954952
    1.672416702  -87.612718318   20.233340158
    1.679486978  -87.424393724   31.313498130
    1.686557255  -87.162903430   41.226566274
    1.693627531  -86.836834685   48.220122722
    1.700697808  -86.483517142   49.041283797
    1.707768084  -86.162138937   37.792835659
    1.714838361  -85.957672989   17.302226991
    1.721908637  -85.921637496   -8.310928185
    1.728978914  -86.059954422  -30.214328222
    1.736049190  -86.318866594  -43.838125215
    1.743119467  -86.638954620  -46.195959475
    1.750189743  -86.954483474  -43.407724268
    1.757260019  -87.245386036  -40.873745593
    1.764330296  -87.519264036  -37.548269922
    1.771400572  -87.748332775  -26.836083748
    1.778470849  -87.856987981   -3.662888377
    1.785541125  -87.774323002   25.782075700
    1.792611402  -87.509067003   44.389830817
    1.799681678  -87.187909889   41.455468885
    1.806751955  -86.947617724   25.657865467
    1.813822231  -86.794397178   19.622065744
    1.820892508  -86.593065964   40.663827885
    1.827962784  -86.167008262   79.177193376
    1.835033061  -85.480403733  111.118888012
    1.842103337  -84.649960131  117.704445026
    1.849173614  -83.852164845  104.861496204
    1.856243890  -83.165206182   89.182817755
    1.863314167  -82.565982932   79.653992026
    1.870384443  -82.024801365   70.479048928
    1.877454720  -81.579663865   53.172192900
    1.884524996  -81.284006908   29.078778687
    1.891595273  -81.142114465   12.543856632
    1.898665549  -81.057971390   12.981729389
    1.905735826  -80.917713790   26.047838673
    1.912806102  -80.681318894   37.758444254
    1.919876379  -80.407257597   36.302424512
    1.926946655  -80.194491473   20.855737329
    1.934016931  -80.115098032    1.222710246
    1.941087208  -80.156308860  -12.492208511
    1.948157484  -80.255340137  -16.264496477
    1.955227761  -80.348858633   -9.749271934
    1.962298037  -80.378982253    0.531236065
    1.969368314  -80.333731580    9.945582462
    1.976438590  -80.246018247   10.792572542
    1.983508867  -80.215560219   -6.783990194
    1.990579143  -80.393769196  -47.991338988
    1.997649420  -80.916085351 -101.529714736
    2.004719696  -81.796298631 -145.270413428
    2.011789973  -82.890345874 -159.743836657
    2.018860249  -83.965936628 -141.100760217
    2.025930526  -84.828407880 -102.208307522
    2.033000802  -85.403130054  -62.833726199
    2.040071079  -85.744703387  -37.591388676
    2.047141355  -85.964958415  -27.899205879
    2.054211632  -86.148700679  -26.151037999
    2.061281908  -86.321210326  -23.924438683
    2.068352185  -86.476094280  -21.319512871
    2.075422461  -86.637923635  -27.629544872
    2.082492738  -86.882789522  -43.505618788
    2.089563014  -87.236516268  -55.369822264
    2.096633290  -87.599732243  -43.670885073
    2.103703567  -87.785634717   -7.236818215
    2.110773843  -87.687814415   30.718319073
    2.117844120  -87.404273461   42.237604267
    2.124914396  -87.160026139   20.607413597
    2.131984673  -87.133895851  -14.236021645
    2.139054949  -87.335845086  -41.501838280
    2.146125226  -87.687974570  -58.481902541
    2.153195502  -88.150382680  -75.073444003
    2.160265779  -88.739005249  -91.804592998
    2.167336055  -89.405314322  -92.863509085
    2.174406332  -89.968810100  -62.866918099
    2.181476608  -90.214563132   -5.680400495
    2.188546885  -90.039214107   50.586366609
    2.195617161  -89.555163362   79.066865691
    2.202687438  -88.992615424   73.475126139
    2.209757714  -88.556977331   46.503287542
    2.216827991  -88.341149682   13.519546497
    2.223898267  -88.347957220  -17.067745367
    2.230968544  -88.552252830  -40.644050904
    2.238038820  -88.895513183  -55.469472668
    2.245109097  -89.300385289  -57.533822770
    2.252179373  -89.664454270  -44.597022524
    2.259249650  -89.888663923  -19.612363690
    2.266319926  -89.915455444   10.457191827
    2.273390202  -89.741078847   36.339600733
    2.280460479  -89.425535384   49.226033848
    2.287530755  -89.077638483   45.235734393
    2.294601032  -88.808240636   28.308912001
    2.301671308  -88.671894281   10.324547982
    2.308741585  -88.625575178    4.238871073
    2.315811861  -88.554184433   18.090270330
    2.322882138  -88.322391247   47.125405994
    2.329952414  -87.869523094   79.039923980
    2.337022691  -87.224598638   98.090073737
    2.344092967  -86.517347081   97.553224839
    2.351163244  -85.873559327   82.396153673
    2.358233520  -85.346681989   65.923935760
    2.365303797  -84.896913567   62.182216071
    2.372374073  -84.428044219   70.801329785
    2.379444350  -83.895588614   76.304781326
    2.386514626  -83.384068944   62.893549003
    2.393584903  -83.050079069   27.360357577
    2.400655179  -83.010895005  -16.990043305
    2.407725456  -83.251002858  -49.563779724
    2.414795732  -83.640977738  -57.598340516
    2.421866009  -84.013089554  -47.031072196
    2.428936285  -84.290352277  -33.798821454
    2.436006562  -84.504319817  -29.378278366
    2.443076838  -84.716780548  -31.962647420
    2.450147114  -84.925443023  -25.730013309
    2.457217391  -85.015353341    2.349882474
    2.464287667  -84.844748340   45.561687689
    2.471357944  -84.391509702   76.485605848
    2.478428220  -83.842667256   69.977810135
    2.485498497  -83.487543695   24.977998816
    2.492568773  -83.502931193  -29.419011824
    2.499639050  -83.826631691  -56.286626173
    2.506709326  -84.193227473  -43.300572280
    2.513779603  -84.370335248   -7.120160409
    2.520849879  -84.302310758   21.987097490
    2.527920156  -84.111698954   26.607101821
    2.534990432  -83.968628319   10.115767723
    2.542060709  -83.971615463  -11.963705925
    2.549130985  -84.112801254  -27.606657043
    2.556201262  -84.317098723  -28.635078226
    2.563271538  -84.470953311  -13.970010447
    2.570341815  -84.480481945   11.155807114
    2.577412091  -84.316410035   32.629869167
    2.584482368  -84.054989120   35.872101808
    2.591552644  -83.850351076   16.305108405
    2.598622921  -83.842050373  -15.892628572
    2.605693197  -84.053474412  -42.327318761
    2.612763474  -84.377031267  -46.094259721
    2.619833750  -84.627480619  -23.024245913
    2.626904026  -84.648867337   16.411129959
    2.633974303  -84.394092557   53.112228921
    2.641044579  -83.937435801   71.455189282
    2.648114856  -83.428531786   66.155240399
    2.655185132  -83.027729208   43.352881887
    2.662255409  -82.827375244   11.918123097
    2.669325685  -82.843303679  -16.097078898
    2.676395962  -83.004868001  -27.156586351
    2.683466238  -83.160215889  -14.603756167
    2.690536515  -83.151237128   18.915963464
    2.697606791  -82.874776594   56.716607304
    2.704677068  -82.374101389   79.310093565
    2.711747344  -81.816848588   71.644094761
    2.718817621  -81.418562128   35.833843931
    2.725887897  -81.317982800   -8.714754797
    2.732958174  -81.488950039  -36.742740361
    2.740028450  -81.756687286  -36.118088332
    2.747098727  -81.938237833  -14.493349584
    2.754169003  -81.949339257    8.490694706
    2.761239280  -81.841643459   17.913583824
    2.768309556  -81.723635019   12.111222364
    2.775379833  -81.674247635    0.700434513
    2.782450109  -81.692667547   -5.551855351
    2.789520386  -81.711969735    0.671953198
    2.796590662  -81.636303654   20.869628504
    2.803660938  -81.384663607   50.236307071
    2.810731215  -80.931954602   75.042690030
    2.817801491  -80.361890398   79.862428149
    2.824871768  -79.855133630   57.545462306
    2.831942044  -79.586075817   15.713167601
    2.839012321  -79.612578416  -20.744916464
    2.846082597  -79.804477952  -28.874781753
    2.853152874  -79.932846936   -4.931674799
    2.860223150  -79.835034667   31.214453453
    2.867293427  -79.528095916   50.042926326
    2.874363703  -79.191700289   38.475674888
    2.881433980  -79.023815114    6.263909919
    2.888504256  -79.092031671  -24.549333347
    2.895574533  -79.310179837  -34.299496133
    2.902644809  -79.498388154  -16.009642356
    2.909715086  -79.485704448   19.549920922
    2.916785362  -79.218049783   53.483206506
    2.923855639  -78.772794919   66.833113937
    2.930925915  -78.320203756   55.842326367
    2.937996192  -78.005710701   30.362975788
    2.945066468  -77.880220198    5.210344219
    2.952136745  -77.902685793  -10.141047122
    2.959207021  -77.992799777  -16.471527403
    2.966277298  -78.101645772  -14.541275391
    2.973347574  -78.178546567   -7.655457669
    2.980417850  -78.194123591    2.307765520
    2.987488127  -78.138739719   11.710355318
    2.994558403  -78.035559915   14.905881316
    3.001628680  -77.931460866   12.259796271
    3.008698956  -77.849641454   10.600855179
    3.015769233  -77.748573558   19.706385968
    3.022839509  -77.527747284   43.561065989
    3.029909786  -77.110890628   71.761952525
    3.036980062  -76.541100512   84.156007462
    3.044050339  -75.990249375   65.393382018
    3.051120615  -75.666632266   22.603287821
    3.058190892  -75.657321616  -18.773518886
    3.065261168  -75.855245187  -32.074471794
    3.072331445  -76.018600846  -10.540996574
    3.079401721  -75.945898842   30.515765787
    3.086471998  -75.594761781   64.264000173
    3.093542274  -75.089987904   72.770411276
    3.100612551  -74.617708063   56.846791033
    3.107682827  -74.291325660   34.725734280
    3.114753104  -74.075347984   28.844356898
    3.121823380  -73.815477371   47.432328569
    3.128893657  -73.372319089   75.530673323
    3.135963933  -72.780998116   85.899768874
    3.143034210  -72.245698735   57.909143270
    3.150104486  -72.018182988    3.424333319
    3.157174762  -72.164193579  -41.034025832
    3.164245039  -72.481516817  -41.631826471
    3.171315315  -72.637496915    1.146801913
    3.178385592  -72.444346587   49.446590859
    3.185455868  -72.015882943   62.521197152
    3.192526145  -71.647591283   35.838805819
    3.199596421  -71.513244883    4.424227764
    3.206666698  -71.482424615   11.515089334
    3.213736974  -71.219812962   67.556381682
    3.220807251  -70.482157020  138.012073237
    3.227877527  -69.357440833  168.162870870
    3.234947804  -68.266264163  127.692290757
    3.242018080  -67.685363596   29.484989905
    3.249088357  -67.859537078  -77.449038654
    3.256158633  -68.663451933 -142.067846076
    3.263228910  -69.705792559 -143.383235902
    3.270299186  -70.575952266  -99.028074664
    3.277369463  -71.079235801  -45.038556917
    3.284439739  -71.243602119   -6.333296606
    3.291510016  -71.194287311   17.963178922
    3.298580292  -70.985691693   40.517207224
    3.305650569  -70.603859080   65.913744807
    3.312720845  -70.071059051   80.832708580
    3.319791121  -69.519622843   69.503133179
    3.326861398  -69.140078054   34.118862152
    3.333931674  -69.039635118   -4.717908561
    3.341001951  -69.163687361  -28.511716676
    3.348072227  -69.395651268  -37.542115077
    3.355142504  -69.676674256  -43.797795452
    3.362212780  -70.020510613  -55.048276210
    3.369283057  -70.443262598  -64.070529806
    3.376353333  -70.892915488  -62.312806106
    3.383423610  -71.301983061  -55.288607278
    3.390493886  -71.695234767  -60.651363720
    3.397564163  -72.193995303  -83.881738752
    3.404634439  -72.871385079 -105.488680355
    3.411704716  -73.597725498  -92.730298545
    3.418774992  -74.061193094  -32.230002882
    3.425845269  -73.982683222   52.648770403
    3.432915545  -73.358105963  115.377423745
    3.439985822  -72.493473526  116.287881289
    3.447056098  -71.855166177   55.187733308
    3.454126375  -71.777647179  -35.705928809
    3.461196651  -72.310958152 -110.078755930
    3.468266928  -73.208974164 -136.111282907
    3.475337204  -74.103862233 -110.678011711
    3.482407481  -74.703360743  -58.310157563
    3.489477757  -74.955630993  -18.245878188
    3.496548033  -75.053194497  -19.162353160
    3.503618310  -75.300213722  -55.507140219
    3.510688586  -75.834245746  -93.699854708
    3.517758863  -76.522777341  -93.669600725
    3.524829139  -77.040156473  -46.681289389
    3.531899416  -77.139275438   16.727474311
    3.538969692  -76.855274318   55.548233333
    3.546039969  -76.437186957   56.985496331
    3.553110245  -76.084401564   41.562106243
    3.560180522  -75.814508496   35.770222344
    3.567250798  -75.538965260   41.185321126
    3.574321075  -75.248592505   36.956116010
    3.581391351  -75.057619777   13.434123719
    3.588461628  -75.056049840  -12.079881508
    3.595531904  -75.170843453  -16.847217317
    3.602602181  -75.231492361    0.369621671
    3.609672457  -75.149384380   19.819575283
    3.616742734  -74.974970514   25.975063642
    3.623813010  -74.790961248   25.482527723
    3.630883287  -74.581248511   36.931632772
    3.637953563  -74.227718527   63.841512754
    3.645023840  -73.669799646   89.927611230
    3.652094116  -73.006405638   89.963165666
    3.659164393  -72.464706590   58.823286731
    3.666234669  -72.200752632   15.978290828
    3.673304945  -72.186723544   -8.345799892
    3.680375222  -72.237348722   -3.586075755
    3.687445498  -72.199038275   12.212534159
    3.694515775  -72.101022458   10.388676278
    3.701586051  -72.109631366  -17.099406103
    3.708656328  -72.341764643  -48.791586219
    3.715726604  -72.726601981  -55.127094144
    3.722796881  -73.044131322  -32.625621686
    3.729867157  -73.148440928    1.763602114
    3.736937434  -73.047347658   21.835527142
    3.744007710  -72.884660740   20.189848830
    3.751077987  -72.785497682    5.782587884
    3.758148263  -72.790069653   -7.372278299
    3.765218540  -72.861322185  -12.496189025
    3.772288816  -72.939667743  -10.443513052
    3.779359093  -72.985909112   -3.429128884
    3.786429369  -72.978957701    4.844581419
    3.793499646  -72.926335299    7.692588807
    3.800569922  -72.884371170    0.112694840
    3.807640199  -72.929478352  -14.668668878
    3.814710475  -73.070390199  -23.273383757
    3.821780752  -73.192667169   -7.552578396
    3.828851028  -73.106566850   33.757690991
    3.835921305  -72.712132893   73.606916328
    3.842991581  -72.156453351   72.325500765
    3.850061857  -71.809517085   16.987075821
    3.857132134  -71.971420637  -63.850259708
    3.864202410  -72.632787483 -115.141284305
    3.871272687  -73.445116594 -105.483422693
    3.878342963  -74.008927581  -51.253209373
    3.885413240  -74.172376670   -1.783957633
    3.892483516  -74.114061054   10.415092115
    3.899553793  -74.094663751   -7.974231999
    3.906624069  -74.209352993  -22.606474357
    3.913694346  -74.339232114  -11.433453336
    3.920764622  -74.322895842   15.646708740
    3.927834899  -74.132119336   34.563514226
    3.934905175  -73.875165115   35.162537444
    3.941975452  -73.648899319   27.567611118
    3.949045728  -73.464733471   24.331722068
    3.956116005  -73.292188828   21.806966466
    3.963186281  -73.168045377    8.970849434
    3.970256558  -73.185568511  -15.545591421
    3.977326834  -73.383150987  -39.953656849
    3.984397111  -73.704298354  -48.373019772
    3.991467387  -74.014311851  -38.330520764
    3.998537664  -74.208129862  -16.870675800
    4.005607940  -74.236761598    6.920214086
    4.012678217  -74.107719041   27.563852381
    4.019748493  -73.859884888   40.312871683
    4.026818769  -73.561487140   41.399082722
    4.033889046  -73.285254238   33.582507008
    4.040959322  -73.067421420   28.792740089
    4.048029599  -72.835746885   39.705853475
    4.055099875  -72.453040141   70.743734532
    4.062170152  -71.809436302  108.432666249
    4.069240428  -70.948684674  128.668658043
    4.076310705  -70.074966496  110.824520832
    4.083380981  -69.454858451   59.029159187
    4.090451258  -69.238597756    3.438988856
    4.097521534  -69.333602455  -25.000025553
    4.104591811  -69.486315861  -13.061521616
    4.111662087  -69.455331403   22.196188849
    4.118732364  -69.180952789   51.032596764
    4.125802640  -68.793087186   52.862995570
    4.132872917  -68.485362344   29.773895167
    4.139943193  -68.377408266    0.053196060
    4.147013470  -68.452257644  -19.918976928
    4.154083746  -68.609961432  -23.379150949
    4.161154023  -68.751185651  -16.752605794
    4.168224299  -68.841689813  -10.822247429
    4.175294576  -68.919486014  -12.843169927
    4.182364852  -69.041004464  -23.855092200
    4.189435129  -69.251107982  -37.072484076
    4.196505405  -69.536343132  -43.014526864
    4.203575681  -69.823622709  -37.078995752
    4.210645958  -70.029201939  -20.448930536
    4.217716234  -70.106103779   -3.965195536
    4.224786511  -70.103607722    1.271286323
    4.231856787  -70.113536134   -5.884560446
    4.238927064  -70.177153527  -11.283118028
    4.245997340  -70.219646097    1.083827792
    4.253067617  -70.117148749   27.656706359
    4.260137893  -69.857279685   39.548709883
    4.267208170  -69.653947381    9.687160129
    4.274278446  -69.807014538  -58.446067020
    4.281348723  -70.470909275 -126.480378605
    4.288418999  -71.483077372 -151.038334765
    4.295489276  -72.450707990 -114.310282380
    4.302559552  -72.992580060  -36.904025508
    4.309629829  -72.968854447   38.306529006
    4.316700105  -72.542480275   72.909877626
    4.323770382  -72.060773838   54.592837762
    4.330840658  -71.845496471    2.059105468
    4.337910935  -72.013745027  -48.001011245
    4.344981211  -72.434665206  -65.249278140
    4.352051488  -72.845137759  -46.382156760
    4.359121764  -73.045297159  -10.341622511
    4.366192040  -73.003911281   17.348530269
    4.373262317  -72.837629748   24.543812124
    4.380332593  -72.685884537   16.578256703
    4.387402870  -72.603586106    6.384035125
    4.394473146  -72.563714674    5.225045282
    4.401543423  -72.507229415    9.824419808
    4.408613699  -72.427246271    9.290127528
    4.415683976  -72.394254221   -3.141045071
    4.422754252  -72.493587260  -26.020460758
    4.429824529  -72.755992918  -48.429323182
    4.436894805  -73.131886521  -56.350006469
    4.443965082  -73.494100463  -43.608429938
    4.451035358  -73.696405468  -12.269267329
    4.458105635  -73.634337124   29.256127415
    4.465175911  -73.286024142   65.439307430
    4.472246188  -72.754174692   79.462551278
    4.479316464  -72.229215156   63.100493558
    4.486386741  -71.898880682   27.792146457
    4.493457017  -71.822113985   -5.043252655
    4.500527294  -71.915290034  -19.444319172
    4.507597570  -72.041062718  -14.280514615
    4.514667847  -72.095621798   -2.434965180
    4.521738123  -72.069500179    7.263540716
    4.528808400  -71.998786235   10.441597053
    4.535878676  -71.932884024    6.092536681
    4.542948952  -71.913432021   -1.403082703
    4.550019229  -71.924798704   -1.131779699
    4.557089505  -71.866299480   20.877143664
    4.564159782  -71.576532553   62.209068676
    4.571230058  -70.978125410  103.530195937
    4.578300335  -70.160621464  121.223169393
    4.585370611  -69.337913199  103.969609450
    4.592440888  -68.742601703   59.846358240
    4.599511164  -68.512145813    4.358503271
    4.606581441  -68.666210721  -47.173656549
    4.613651717  -69.128912204  -81.441180144
    4.620721994  -69.741637117  -88.137569185
    4.627792270  -70.304274878  -67.446608868
    4.634862547  -70.657147099  -31.740728780
    4.641932823  -70.749698191    1.230678481
    4.649003100  -70.655588534   21.257871573
    4.656073376  -70.479881051   25.812484401
    4.663143653  -70.304144739   22.758039654
    4.670213929  -70.152546807   18.945501977
    4.677284206  -70.035719297   11.158592505
    4.684354482  -70.023718025  -12.257942182
    4.691424759  -70.259628604  -58.870134027
    4.698495035  -70.873604053 -115.396228210
    4.705565312  -71.827555765 -148.140189559
    4.712635588  -72.828786618 -125.628166245
    4.719705864  -73.461652444  -47.637651749
    4.726776141  -73.451741117   47.844171935
    4.733846417  -72.864735981  107.354676194
    4.740916694  -72.079405576  102.448336617
    4.747986970  -71.531521559   45.783141298
    4.755057247  -71.450266590  -21.363888308
    4.762127523  -71.754758110  -58.561513660
    4.769197800  -72.156644065  -47.995246548
    4.776268076  -72.345985736   -3.502650416
    4.783338353  -72.191120576   43.694192312
    4.790408629  -71.794017909   61.320287311
    4.797478906  -71.413640763   37.628207524
    4.804549182  -71.294898256   -6.269588236
    4.811619459  -71.456731083  -35.581638670
    4.818689735  -71.699526212  -27.833010468
    4.825760012  -71.770654109    8.895177980
    4.832830288  -71.573480121   42.030956500
    4.839900565  -71.250814021   41.365119132
    4.846970841  -71.065953251    5.348795567
    4.854041118  -71.185753930  -38.435773925
    4.861111394  -71.532471936  -53.932869722
    4.868181671  -71.834631493  -26.610056233
    4.875251947  -71.841330310   24.580239465
    4.882322224  -71.524287522   57.776050022
    4.889392500  -71.131593314   43.997670254
    4.896462776  -70.986877733   -8.271309231
    4.903533053  -71.224236789  -55.560363164
    4.910603329  -71.655668975  -58.582913652
    4.917673606  -71.930360851  -14.276658356
    4.924743882  -71.823980600   40.756451490
    4.931814159  -71.422434992   64.629573601
    4.938884435  -71.014954262   43.732162964
    4.945954712  -70.850879341    0.805366346
    4.953024988  -70.964972745  -30.373133563
    4.960095265  -71.213894983  -37.482213982
    4.967165541  -71.459571850  -33.630792520
    4.974235818  -71.700029379  -36.878810921
    4.981306094  -72.003540121  -49.847497012
    4.988376371  -72.380511581  -54.673277651
    4.995446647  -72.705455067  -33.983953681
    5.002516924  -72.797080793    7.950901651
    5.009587200  -72.589339109   46.865688326
    5.016657477  -72.203587753   54.978902718
    5.023727753  -71.893116734   27.158923485
    5.030798030  -71.850932479  -17.098383402
    5.037868306  -72.089687000  -47.951719665
    5.044938583  -72.442146987  -46.871628426
    5.052008859  -72.686638148  -20.613453952
    5.059079136  -72.717515761    8.195767237
    5.066149412  -72.610271128   17.158935954
    5.073219688  -72.540039189   -2.830352590
    5.080289965  -72.673926806  -36.502386530
    5.087360241  -73.024951915  -60.380561515
    5.094430518  -73.454268582  -57.179522484
    5.101500794  -73.762439755  -27.910700984
    5.108571071  -73.815798919   11.752727719
    5.115641347  -73.616839259   40.273452264
    5.122711624  -73.299211618   43.285646274
    5.129781900  -73.055142061   21.828711295
    5.136852177  -73.008613407   -9.587969440
    5.143922453  -73.145973425  -26.501614505
    5.150992730  -73.302214829  -13.945485567
    5.158063006  -73.284668579   19.563736534
    5.165133283  -73.038658974   44.774491470
    5.172203559  -72.726451001   36.044845647
    5.179273836  -72.605400079   -6.955327000
    5.186344112  -72.827369930  -55.196237278
    5.193414389  -73.303911222  -73.392834348
    5.200484665  -73.752954785  -47.425589910
    5.207554942  -73.891130132   10.519662104
    5.214625218  -73.587388075   72.334761016
    5.221695495  -72.909674485  113.347235429
    5.228765771  -72.050220180  124.313495736
    5.235836048  -71.195448655  113.757971968
    5.242906324  -70.440048902   98.776936147
    5.249976600  -69.775635148   88.321324556
    5.257046877  -69.183112566   77.584124976
    5.264117153  -68.703754442   53.692773786
    5.271187430  -68.444955024   17.140825379
    5.278257706  -68.448214152  -17.375633939
    5.285327983  -68.626158761  -28.664543400
    5.292398259  -68.774121832  -10.787913884
    5.299468536  -68.734081697   20.939287831
    5.306538812  -68.499491771   40.287449784
    5.313609089  -68.217687707   34.836795974
    5.320679365  -68.033280318   16.099806730
    5.327749642  -67.955077607    8.116128433
    5.334819918  -67.854418112   22.823674797
    5.341890195  -67.603039549   46.461633725
    5.348960471  -67.234418888   51.955487038
    5.356030748  -66.943560630   23.377148653
    5.363101024  -66.944241221  -25.346986373
    5.370171301  -67.264754613  -61.455924203
    5.377241577  -67.705686310  -57.983806013
    5.384311854  -67.976269278  -14.676506047
    5.391382130  -67.887285037   37.077496435
    5.398452407  -67.508099347   63.072909583
    5.405522683  -67.085916058   49.793841515
    5.412592960  -66.846108042   15.909851277
    5.419663236  -66.818338692   -4.483039934
    5.426733512  -66.825226391    6.791937676
    5.433803789  -66.662008591   39.767490072
    5.440874065  -66.277521819   65.083636746
    5.447944342  -65.809800102   60.868577951
    5.455014618  -65.465722523   32.700935225
    5.462084895  -65.343717635    2.200915776
    5.469155171  -65.390048377  -13.358780656
    5.476225448  -65.484980132  -13.330885004
    5.483295724  -65.564590818  -10.400268044
    5.490366001  -65.638450309  -11.650068193
    5.497436277  -65.721109865  -11.526778467
    5.504506554  -65.766077618   -0.557702271
    5.511576830  -65.701573034   17.225524432
    5.518647107  -65.541198026   22.935210090
    5.525717383  -65.441067166   -0.145576770
    5.532787660  -65.594451904  -46.987750213
    5.539857936  -66.086898389  -90.543386374
    5.546928213  -66.789926746 -102.582874468
    5.553998489  -67.432131658  -74.275507276
    5.561068766  -67.774294614  -21.861946032
    5.568139042  -67.749128627   24.663896645
    5.575209319  -67.493122317   41.418074107
    5.582279595  -67.244416557   22.927671358
    5.589349871  -67.207560138  -16.084907948
    5.596420148  -67.456876970  -53.235250823
    5.603490424  -67.919908894  -74.545307502
    5.610560701  -68.464347766  -78.510911918
    5.617630977  -68.989505821  -69.461226194
    5.624701254  -69.421071365  -51.986718022
    5.631771530  -69.702792243  -28.070741049
    5.638841807  -69.808158736   -3.872214611
    5.645912083  -69.798465088   -0.255371721
    5.652982360  -69.896960509  -35.397932156
    5.660052636  -70.370053409 -101.887503794
    5.667122913  -71.308572516 -159.100257337
    5.674193189  -72.479899211 -161.953832224
    5.681263466  -73.442599713 -102.119987625
    5.688333742  -73.855528437  -16.690839927
    5.695404019  -73.723110309   46.276634010
    5.702474295  -73.301535460   64.553008970
    5.709544572  -72.862696299   57.884643439
    5.716614848  -72.464928459   57.346916712
    5.723685125  -71.996932783   75.045641650
    5.730755401  -71.382842078   95.345738798
    5.737825678  -70.705715679   89.477552044
    5.744895954  -70.206782357   45.083523469
    5.751966231  -70.121692491  -24.201376099
    5.759036507  -70.525108363  -88.292743386
    5.766106783  -71.279296904 -120.169993523
    5.773177060  -72.108717833 -109.157086574
    5.780247336  -72.733044589  -64.461404091
    5.787317613  -72.994625210  -10.548314117
    5.794387889  -72.920344470   25.461161032
    5.801458166  -72.697694402   30.532395204
    5.808528442  -72.535673441   12.024926615
    5.815598719  -72.524385909   -8.284663496
    5.822668995  -72.603632205  -11.557191466
    5.829739272  -72.640943405    2.393619720
    5.836809548  -72.560050010   18.357150751
    5.843879825  -72.404798973   21.759193450
    5.850950101  -72.273151570   13.236185274
    5.858020378  -72.212616998    3.698245777
    5.865090654  -72.190391057    2.196249609
    5.872160931  -72.152041623    8.336398749
    5.879231207  -72.063100350   14.667423433
    5.886301484  -71.946749540   16.947408931
    5.893371760  -71.830003527   14.387742591
    5.900442037  -71.737821361   10.785857483
    5.907512313  -71.671100364    6.799229768
    5.914582590  -71.628932051    2.976840553
    5.921652866  -71.619707792   -1.441051918
    5.928723143  -71.655254608  -10.640391015
    5.935793419  -71.781685590  -28.263875942
    5.942863695  -72.061529827  -52.567826948
    5.949933972  -72.516297693  -76.500203380
    5.957004248  -73.106806852  -88.638704377
    5.964074525  -73.711973638  -79.334409220
    5.971144801  -74.167769884  -48.678126004
    5.978215078  -74.361516695   -7.190226789
    5.985285354  -74.290218703   22.947818048
    5.992355631  -74.105996743   21.395691496
    5.999425907  -74.068509650  -16.843675948
    6.006496184  -74.385871912  -75.025368558
    6.013566460  -75.084398234 -118.370169231
    6.020636737  -75.942298480 -116.578874630
    6.027707013  -76.611090807  -66.478816526
    6.034777290  -76.822576262    4.735323744
    6.041847566  -76.574080908   59.149611582
    6.048917843  -76.082277905   70.369820472
    6.055988119  -75.655074350   44.894997428
    6.063058396  -75.461652042    9.664463241
    6.070128672  -75.471082715   -9.390339122
    6.077198949  -75.531847698   -6.147061004
    6.084269225  -75.534565953    3.537715099
    6.091339502  -75.499909416    2.920003632
    6.098409778  -75.521930046  -10.963800749
    6.105480055  -75.641572997  -23.509166160
    6.112550331  -75.796306363  -18.197637203
    6.119620607  -75.858053568    0.860380743
    6.126690884  -75.773081856   20.528844926
    6.133761160  -75.584637224   29.419984010
    6.140831437  -75.380647286   25.539197251
    6.147901713  -75.236457956   12.862007297
    6.154971990  -75.203491276   -4.992750660
    6.162042266  -75.298758380  -23.057403675
    6.169112543  -75.493323085  -30.683485664
    6.176182819  -75.677372983  -18.104482898
    6.183253096  -75.706139257   11.145531181
    6.190323372  -75.516887958   37.835226091
    6.197393649  -75.209240304   43.037906393
    6.204463925  -74.970945080   19.179443586
    6.211534202  -74.963359192  -18.127571472
    6.218604478  -75.200466882  -47.368727513
    6.225674755  -75.571438590  -54.893936276
    6.232745031  -75.924141532  -44.333678269
    6.239815308  -76.173241205  -26.476396543
    6.246885584  -76.296398191  -10.769105786
    6.253955861  -76.318138803    4.475179784
    6.261026137  -76.226760910   20.252574281
    6.268096414  -76.018354872   36.944851945
    6.275166690  -75.712176260   47.060082604
    6.282236967  -75.383258356   41.536809814
    6.289307243  -75.148477520   21.975278371
    6.296377519  -75.071376740    0.253590104
    6.303447796  -75.113849409  -11.305447064
    6.310518072  -75.194463322  -12.108063307
    6.317588349  -75.287671604  -18.097064259
    6.324658625  -75.487896720  -42.397571827
    6.331728902  -75.913271859  -79.591292062
    6.338799178  -76.572094461 -103.278221388
    6.345869455  -77.282883530  -91.817914162
    6.352939731  -77.776463372  -44.663927895
    6.360010008  -77.861220185   20.860958447
    6.367080284  -77.487997456   79.846981925
    6.374150561  -76.773325710  117.053621137
    6.381220837  -75.908918132  120.439632114
    6.388291114  -75.144740492   88.490960768
    6.395361390  -74.704128447   32.968156860
    6.402431667  -74.669584717  -22.251846276
    6.409501943  -74.951056862  -52.774291698
    6.416572220  -75.343836412  -55.804400436
    6.423642496  -75.707952784  -49.126876469
    6.430712773  -76.053894502  -51.969555749
    6.437783049  -76.453547037  -62.634330278
    6.444853326  -76.898089037  -60.834765594
    6.451923602  -77.242637607  -33.239858028
    6.458993879  -77.331499889    6.950791951
    6.466064155  -77.174303167   31.168212895
    6.473134431  -76.962918118   21.495746132
    6.480204708  -76.926684118  -14.754455876
    6.487274984  -77.167248341  -52.341323990
    6.494345261  -77.606938519  -68.519833236
    6.501415537  -78.067409292  -59.859340925
    6.508485814  -78.410071270  -37.333525557
    6.515556090  -78.587752520  -14.475697850
    6.522626367  -78.619454464    4.636607616
    6.529696643  -78.511149600   25.345456061
    6.536766920  -78.237959473   50.398864173
    6.543837196  -77.797934753   71.127617453
    6.550907473  -77.274723082   71.796675980
    6.557977749  -76.843614011   44.821064418
    6.565048026  -76.671622057    1.489983413
    6.572118302  -76.799803046  -36.489824527
    6.579188579  -77.125999011  -52.390549265
    6.586258855  -77.477921326  -45.032171295
    6.593329132  -77.732606690  -28.956918528
    6.600399408  -77.891073484  -18.925804688
    6.607469685  -78.024864902  -22.228124486
    6.614539961  -78.214757734  -33.077275304
    6.621610238  -78.473533294  -39.354325091
    6.628680514  -78.737707180  -34.869808844
    6.635750790  -78.929932354  -19.224852670
    6.642821067  -78.987288349    2.753789055
    6.649891343  -78.873833092   27.150633726
    6.656961620  -78.595143477   49.834495099
    6.664031896  -78.185625415   62.403175791
    6.671102173  -77.741133117   59.154689265
    6.678172449  -77.372707271   42.801194936
    6.685242726  -77.137462866   22.899957012
    6.692313002  -77.023900941    9.919462766
    6.699383279  -76.975911561    3.447877134
    6.706453555  -76.968711715   -3.514375049
    6.713523832  -77.026871435  -15.521785263
    6.720594108  -77.182308892  -29.947218274
    6.727664385  -77.427266142  -38.451138268
    6.734734661  -77.691416940  -34.676122355
    6.741804938  -77.873826032  -15.874060484
    6.748875214  -77.872804613   16.772237299
    6.755945491  -77.617922923   53.869629809
    6.763015767  -77.122394685   81.876922595
    6.770086044  -76.506868697   86.499661439
    6.777156320  -75.958889942   63.019937812
    6.784226597  -75.641105292   25.178036716
    6.791296873  -75.579641058   -5.583410215
    6.798367150  -75.659982844  -13.826070355
    6.805437426  -75.713493923    0.747546906
    6.812507702  -75.610406261   28.893947507
    6.819577979  -75.289399759   60.873955565
    6.826648255  -74.744866522   91.015324567
    6.833718532  -74.017934470  111.154152744
    6.840788808  -73.208694353  112.554581200
    6.847859085  -72.461250096   95.557144206
    6.854929361  -71.868241362   71.819020939
    6.861999638  -71.419051669   56.484424744
    6.869069914  -71.037467628   51.251015900
    6.876140191  -70.687367007   44.266033986
    6.883210467  -70.427341433   25.117622802
    6.890280744  -70.332780081    1.901376710
    6.897351020  -70.354104949   -4.333067792
    6.904421297  -70.306042501   21.744785231
    6.911491573  -69.983916433   69.424293628
    6.918561850  -69.341410846  106.091055710
    6.925632126  -68.564923069  105.324323784
    6.932702403  -67.935075807   67.412456772
    6.939772679  -67.629718677   18.741924275
    6.946842956  -67.618542241  -12.918391934
    6.953913232  -67.744983927  -20.459024753
    6.960983509  -67.872461380  -16.057299419
    6.968053785  -67.959718309   -9.789374071
    6.975124062  -67.996864889   -0.129519183
    6.982194338  -67.924859765   21.024729998
    6.989264614  -67.666335079   51.221114028
    6.996334891  -67.210505404   73.273242222
    7.003405167  -66.675925032   72.951522880
    7.010475444  -66.231817292   49.424722204
    7.017545720  -65.990100057   18.451763018
    7.024615997  -65.944910521   -4.475930090
    7.031686273  -66.011142224  -13.533386553
    7.038756550  -66.097687015  -10.642192637
    7.045826826  -66.135374681    0.062745412
    7.052897103  -66.079852398   15.012997278
    7.059967379  -65.913851712   30.043874907
    7.067037656  -65.665586918   36.779055080
    7.074107932  -65.422130993   27.364965022
    7.081178209  -65.310068979    1.207186241
    7.088248485  -65.419094897  -32.650947137
    7.095318762  -65.748366001  -58.137400551
    7.102389038  -66.180455726  -61.142578096
    7.109459315  -66.549412901  -41.091993798
    7.116529591  -66.735267687  -12.843577154
    7.123599868  -66.749231188    4.707007102
    7.130670144  -66.713022083    1.053621885
    7.137740421  -66.767587616  -20.136194677
    7.144810697  -66.987209550  -41.620855996
    7.151880974  -67.320955501  -51.012743884
    7.158951250  -67.662365429  -44.439734779
    7.166021526  -67.918500810  -27.581501321
    7.173091803  -68.050412053  -11.859801721
    7.180162079  -68.093578132   -3.013016074
    7.187232356  -68.103032665   -1.634386553
    7.194302632  -68.121679302   -5.247918014
    7.201372909  -68.168969225   -9.206633303
    7.208443185  -68.225789956   -5.739228815
    7.215513462  -68.211828931   11.208600639
    7.222583738  -68.018632602   44.632416608
    7.229654015  -67.563298579   82.531125950
    7.236724291  -66.889084656  101.412649542
    7.243794568  -66.210022760   82.250758185
    7.250864844  -65.799831510   29.651324131
    7.257935121  -65.789649112  -25.438141593
    7.265005397  -66.065514715  -45.816249663
    7.272075674  -66.328982387  -24.490892709
    7.279145950  -66.369528531   10.585184993
    7.286216227  -66.229631778   21.647965244
    7.293286503  -66.144155419   -2.866368481
    7.300356780  -66.292925233  -39.002642276
    7.307427056  -66.626384566  -49.650870097
    7.314497333  -66.894479051  -21.395491566
    7.321567609  -66.863385935   30.344476876
    7.328637886  -66.470639821   76.828924593
    7.335708162  -65.826881031  100.750393756
    7.342778438  -65.094079406  102.648477262
    7.349848715  -64.390351617   94.310668148
    7.356918991  -63.753207791   84.776501064
    7.363989268  -63.181647804   76.149885401
    7.371059544  -62.671646195   66.741282642
    7.378129821  -62.244775498   51.854960468
    7.385200097  -61.957762867   26.715099549
    7.392270374  -61.879861590   -6.352034451
    7.399340650  -62.022424810  -32.518334257
    7.406410927  -62.259419047  -29.537712147
    7.413481203  -62.338940897   11.678657436
    7.420551480  -62.039279713   72.767587890
    7.427621756  -61.351271671  114.046593106
    7.434692033  -60.538322474  105.608057138
    7.441762309  -59.966667440   49.069775689
    7.448832586  -59.867257151  -19.443926383
    7.455902862  -60.170682208  -59.972976215
    7.462973139  -60.595245508  -55.457489379
    7.470043415  -60.873287857  -21.383154686
    7.477113692  -60.901979449   10.038050940
    7.484183968  -60.779012760   19.850938266
    7.491254245  -60.658683824   11.579690037
    7.498324521  -60.609568868    2.256736244
    7.505394798  -60.591053935    3.719668574
    7.512465074  -60.528064403   13.928966740
    7.519535350  -60.401848060   19.563266805
    7.526605627  -60.279380758   11.819892497
    7.533675903  -60.252294464   -5.290021710
    7.540746180  -60.344211378  -20.628175142
    7.547816456  -60.505924376  -25.143780819
    7.554886733  -60.670288306  -21.121031184
    7.561957009  -60.806257662  -19.030996648
    7.569027286  -60.948789397  -22.634959431
    7.576097562  -61.119688453  -25.471471335
    7.583167839  -61.275884363  -16.983745483
    7.590238115  -61.320246334    5.404752082
    7.597308392  -61.179372750   32.901457453
    7.604378668  -60.875827520   49.217124550
    7.611448945  -60.523102326   47.205154701
    7.618519221  -60.226047854   35.602208072
    7.625589498  -59.985536579   35.344196353
    7.632659774  -59.670875706   55.592062794
    7.639730051  -59.172716644   83.157211678
    7.646800327  -58.541376370   88.126237065
    7.653870604  -58.016007806   51.727252566
    7.660940880  -57.862311552  -10.460544428
    7.668011157  -58.129509094  -61.420807539
    7.675081433  -58.615769504  -68.436616559
    7.682151710  -58.992774717  -34.776185486
    7.689221986  -59.071150806   10.633172336
    7.696292262  -58.883256954   37.013824617
    7.703362539  -58.610011321   35.413984357
    7.710432815  -58.420269950   15.529025862
    7.717503092  -58.398014969  -10.062716909
    7.724573368  -58.557460683  -35.725075376
    7.731643645  -58.888957614  -57.955496525
    7.738713921  -59.339638904  -66.273035404
    7.745784198  -59.757484144  -46.137999109
    7.752854474  -59.912042502    5.017019009
    7.759924751  -59.649354698   67.636630590
    7.766995027  -59.010824383  104.932069703
    7.774065304  -58.282767151   91.111564868
    7.781135580  -57.832652819   29.087813205
    7.788205857  -57.902863823  -49.176974024
    7.795276133  -58.465946717 -104.564237702
    7.802346410  -59.261159516 -113.169130442
    7.809416686  -59.942644613  -73.682287977
    7.816486963  -60.222181383   -3.005232478
    7.823557239  -59.966463750   73.522358097
    7.830627516  -59.229912238  127.695083732
    7.837697792  -58.255335700  138.694550900
    7.844768069  -57.382037783   99.489022316
    7.851838345  -56.927203981   24.928212268
    7.858908621  -57.027065105  -51.066248911
    7.865978898  -57.555231064  -90.655104117
    7.873049174  -58.181599664  -78.248547601
    7.880119451  -58.573033642  -31.739915877
    7.887189727  -58.632695993    9.440756518
    7.894260004  -58.532940033   10.195352363
    7.901330280  -58.584111138  -30.457470373
    7.908400557  -58.975538145  -80.211203519
    7.915470833  -59.637488325 -100.321459568
    7.922541110  -60.292506218  -79.626899596
    7.929611386  -60.694623921  -33.057564309
    7.936681663  -60.759587996   11.666798121
    7.943751939  -60.566847320   38.522643407
    7.950822216  -60.248598877   48.189375002
    7.957892492  -59.890360624   51.742016434
    7.964962769  -59.502995243   57.596888499
    7.972033045  -59.069424572   63.042351914
    7.979103322  -58.622735529   60.686780305
    7.986173598  -58.242546478   44.210459094
    7.993243875  -58.019323089   16.750347007
    8.000314151  -57.991743368   -9.217476594
    8.007384428  -58.117044392  -25.233501531
    8.014454704  -58.318921012  -31.310974968
    8.021524981  -58.537981547  -31.559762934
    8.028595257  -58.752786665  -30.055890048
    8.035665533  -58.957889041  -30.137482397
    8.042735810  -59.182690009  -35.118706986
    8.049806086  -59.475567675  -50.493751120
    8.056876363  -59.900496802  -70.374102286
    8.063946639  -60.439782180  -79.433472895
    8.071016916  -60.947416577  -59.484164711
    8.078087192  -61.198788026   -8.451864941
    8.085157469  -61.046303991   48.926383790
    8.092227745  -60.571983711   77.069590698
    8.099298022  -60.068296676   56.408460332
    8.106368298  -59.848651206    2.413550540
    8.113438575  -60.016188035  -46.363474162
    8.120508851  -60.403472101  -57.314889459
    8.127579128  -60.724355366  -29.580136567
    8.134649404  -60.794238556    7.605913266
    8.141719681  -60.656967560   25.776482301
    8.148789957  -60.493880211   15.427533515
    8.155860234  -60.475445010  -12.771692991
    8.162930510  -60.670660679  -43.060526442
    8.170000787  -61.065329390  -68.199488470
    8.177071063  -61.621800047  -89.658859167
    8.184141340  -62.318651615 -107.525087121
    8.191211616  -63.118805006 -117.803182048
    8.198281893  -63.941515961 -111.747906788
    8.205352169  -64.639754716  -84.086152394
    8.212422445  -65.068333983  -35.946347562
    8.219492722  -65.128358289   17.796275479
    8.226562998  -64.839343901   59.814468909
    8.233633275  -64.330452931   78.719693466
    8.240703551  -63.769448851   76.461439295
    8.247773828  -63.268384491   63.880197741
    8.254844104  -62.844445978   56.236974967
    8.261914381  -62.425896126   64.103072464
    8.268984657  -61.901933873   84.529785956
    8.276054934  -61.228861300  102.932614055
    8.283125210  -60.481380603  103.683417166
    8.290195487  -59.815309211   79.637852580
    8.297265763  -59.377977645   41.710299559
    8.304336040  -59.204392233    8.560831112
    8.311406316  -59.207544817   -6.793162949
    8.318476593  -59.253034781   -5.324319518
    8.325546869  -59.254787672    3.887277326
    8.332617146  -59.197628250   10.480345075
    8.339687422  -59.122347484    8.500783476
    8.346757699  -59.090177826   -1.648664687
    8.353827975  -59.143936791  -14.073740454
    8.360898252  -59.264366406  -19.035225253
    8.367968528  -59.367914133   -8.410436402
    8.375038805  -59.352973536   12.674236491
    8.382109081  -59.205451870   24.776174363
    8.389179357  -59.068692696    7.095605932
    8.396249634  -59.179015840  -44.010273509
    8.403319910  -59.701576981 -102.944000257
    8.410390187  -60.553400548 -130.252234329
    8.417460463  -61.401561637 -100.344677841
    8.424530740  -61.847029015  -20.940293483
    8.431601016  -61.664088900   69.964409204
    8.438671293  -60.929926813  128.466874611
    8.445741569  -59.964378374  135.123653744
    8.452811846  -59.114918396   98.835896887
    8.459882122  -58.594744306   46.783288019
    8.466952399  -58.427799638    2.145733085
    8.474022675  -58.509588282  -21.669685131
    8.481092952  -58.673076357  -21.020757867
    8.488163228  -58.749063165    1.195494098
    8.495233505  -58.631063710   30.346598216
    8.502303781  -58.359293441   39.564955549
    8.509374058  -58.157761412    9.413718964
    8.516444334  -58.302060971  -54.439215665
    8.523514611  -58.913531107 -115.506810264
    8.530584887  -59.814235660 -129.709255136
    8.537655164  -60.592196851  -81.678246298
    8.544725440  -60.877017550    1.699772085
    8.551795717  -60.600632471   68.126345287
    8.558865993  -60.054906093   73.594754257
    8.565936269  -59.700743165   18.005306882
    8.573006546  -59.837574924  -56.460316822
    8.580076822  -60.399343663  -93.818728127
    8.587147099  -61.006955424  -69.136957673
    8.594217375  -61.267638483   -1.981356408
    8.601287652  -61.043215193   60.755387438
    8.608357928  -60.491637175   87.295753665
    8.615428205  -59.881693224   80.770231967
    8.622498481  -59.362620227   66.002517247
    8.629568758  -58.920014573   59.604492683
    8.636639034  -58.499873720   57.830451975
    8.643709311  -58.124157506   44.163755327
    8.650779587  -57.922396503    8.344789341
    8.657849864  -58.039697739  -43.169198470
    8.664920140  -58.522294518  -92.106373638
    8.671990417  -59.281024924 -119.413661414
    8.679060693  -60.127156226 -116.025340159
    8.686130970  -60.856930194  -87.999695514
    8.693201246  -61.343080871  -49.690148493
    8.700271523  -61.559031724  -13.143223824
    8.707341799  -61.541147108   15.072161671
    8.714412076  -61.358296273   34.347012696
    8.721482352  -61.078967210   41.986383403
    8.728552629  -60.783886797   39.357095237
    8.735622905  -60.521568800   33.946090735
    8.742693181  -60.272621098   38.694219658
    8.749763458  -59.931695980   59.194980587
    8.756833734  -59.407824816   87.502271280
    8.763904011  -58.718708055  101.712499218
    8.770974287  -58.040401144   83.733084674
    8.778044564  -57.605037840   34.000256604
    8.785114840  -57.571655575  -23.869320577
    8.792185117  -57.894775539  -63.197465211
    8.799255393  -58.374689648  -68.216166811
    8.806325670  -58.766999438  -38.855847058
    8.813395946  -58.875383969    8.221508671
    8.820466223  -58.645595307   53.870011801
    8.827536499  -58.155893140   79.207685934
    8.834606776  -57.592320772   74.215424950
    8.841677052  -57.163504867   42.542040269
    8.848747329  -57.006691055    1.137925250
    8.855817605  -57.122737421  -32.177546170
    8.862887882  -57.414885154  -47.976506215
    8.869958158  -57.753969990  -46.377343330
    8.877028435  -58.036731035  -33.279501398
    8.884098711  -58.209322589  -16.457219621
    8.891168988  -58.277558206   -5.948043619
    8.898239264  -58.318369403   -8.951665965
    8.905309540  -58.428503458  -24.410225715
    8.912379817  -58.650658142  -38.059233446
    8.919450093  -58.910816858  -32.245181339
    8.926520370  -59.051497048   -5.071018801
    8.933590646  -58.962800728   28.225368719
    8.940660923  -58.680429552   46.428088992
    8.947731199  -58.359381302   39.507710381
    8.954801476  -58.154985853   16.783804125
    8.961871752  -58.112904479   -4.975273931
    8.968942029  -58.183591519  -13.630562348
    8.976012305  -58.276828912  -13.888120979
    8.983082582  -58.366924270  -13.332802525
    8.990152858  -58.467593527  -15.614010363
    8.997223135  -58.578008082  -14.691885442
    9.004293411  -58.649934661   -4.953097794
    9.011363688  -58.622242541   11.244255474
    9.018433964  -58.486801878   24.969894493
    9.025504241  -58.287593059   28.648745932
    9.032574517  -58.097253141   23.531235183
    9.039644794  -57.961201399   12.605215045
    9.046715070  -57.918519240   -2.031517078
    9.053785347  -57.985175238  -17.531764880
    9.060855623  -58.131396035  -21.432299153
    9.067925900  -58.220037064    0.415376710
    9.074996176  -58.056825284   47.355246903
    9.082066452  -57.539674507   96.431566237
    9.089136729  -56.764775758  113.461006580
    9.096207005  -56.029354271   86.147210300
    9.103277282  -55.605598322   31.524208802
    9.110347558  -55.558814941  -14.930745498
    9.117417835  -55.726237842  -27.115774367
    9.124488111  -55.861046528   -8.438276386
    9.131558388  -55.815467483   20.354951552
    9.138628664  -55.585423497   42.218939186
    9.145698941  -55.238503154   53.989898002
    9.152769217  -54.830349184   59.515919593
    9.159839494  -54.396841410   61.565055171
    9.166909770  -53.965898205   57.626966868
    9.173980047  -53.576608261   51.920307062
    9.181050323  -53.211161510   52.235166332
    9.188120600  -52.806110514   63.801233036
    9.195190876  -52.290148366   80.649473335
    9.202261153  -51.670532044   90.306131250
    9.209331429  -51.042531806   83.431751005
    9.216401706  -50.523176567   61.601299517
    9.223471982  -50.176516573   34.612355772
    9.230542259  -50.009868195   12.245015765
    9.237612535  -49.997750174  -10.243850627
    9.244682812  -50.169913584  -41.871031429
    9.251753088  -50.603371520  -81.907135797
    9.258823364  -51.299371239 -110.679203925
    9.265893641  -52.066749056  -98.228837137
    9.272963917  -52.542889829  -28.283538404
    9.280034194  -52.364064107   81.252589356
    9.287104470  -51.409457314  182.063514648
    9.294174747  -49.913902062  228.183073276
    9.301245023  -48.337114452  206.964475806
    9.308315300  -47.074495216  147.470809314
    9.315385576  -46.208486519  103.634864907
    9.322455853  -45.440550545  126.524127013
    9.329526129  -44.196868480  239.644564308
    9.336596406  -41.858842343  430.795030509
    9.343666682  -38.016020673  656.431183410
    9.350736959  -32.641839002  851.727655922
    9.357807235  -26.175685279  956.545013044
    9.364877512  -19.397831337  938.543189284
    9.371947788  -13.164284507  807.741166018
    9.379018065   -8.122960130  611.464989213
    9.386088341   -4.529765412  407.376453771
    9.393158618   -2.271777818  238.897744952
    9.400228894   -1.019405504  123.051697320
    9.407299171   -0.408968586   55.905990128
    9.414369447   -0.144335788   21.993714247
    9.421439724   -0.044672639    7.506302372
    9.428510000   -0.011892111    2.184172683
